0	0.707107	-0.707107	0.880312	-0.807107	1.19431
0.1	0.753047	-0.657967	0.934927	-0.741152	1.19306
0.2	0.752492	-0.658602	0.93383	-0.742961	1.19333
0.3	0.705315	-0.708894	0.876658	-0.812051	1.19497
0.4	0.605978	-0.795481	0.751008	-0.933199	1.19786
0.5	0.448752	-0.893656	0.543769	-1.06964	1.19993
0.6	0.235156	-0.971958	0.266372	-1.16951	1.19946
0.7	-0.0170472	-0.999855	-0.0384043	-1.19871	1.19933
0.8	-0.270521	-0.962714	-0.326638	-1.15468	1.19999
0.9	-0.483983	-0.875077	-0.570891	-1.05521	1.19974
1	-0.634704	-0.772756	-0.756453	-0.931429	1.19991
1.1	-0.722495	-0.691376	-0.876434	-0.819059	1.19958
1.2	-0.756863	-0.653573	-0.93221	-0.749768	1.19631
1.3	-0.744587	-0.667525	-0.929703	-0.743237	1.19027
1.4	-0.685352	-0.728212	-0.869983	-0.805097	1.18535
1.5	-0.575107	-0.818078	-0.742404	-0.927676	1.18817
1.6	-0.413558	-0.910478	-0.523972	-1.07724	1.19791
1.7	-0.20515	-0.978731	-0.217373	-1.17836	1.19824
1.8	0.0402573	-0.999189	0.10382	-1.18882	1.19334
1.9	0.291585	-0.956545	0.377305	-1.13724	1.1982
2	0.504976	-0.863133	0.588087	-1.04505	1.19915
2.1	0.652411	-0.757865	0.745569	-0.934844	1.19575
2.2	0.73302	-0.680207	0.858396	-0.83603	1.19824
2.3	0.757826	-0.652457	0.919585	-0.770074	1.19944
2.4	0.734656	-0.678439	0.919104	-0.755764	1.18993
2.5	0.663738	-0.747965	0.855144	-0.805964	1.17509
2.6	0.542161	-0.840274	0.725003	-0.921323	1.17238
2.7	0.374505	-0.927225	0.505525	-1.07833	1.19095
2.8	0.172293	-0.985046	0.178721	-1.18494	1.19834
2.9	-0.0619278	-0.998081	-0.160072	-1.17234	1.18322
3	-0.305515	-0.952187	-0.428054	-1.11025	1.18991
3.1	-0.516186	-0.856477	-0.614385	-1.03071	1.19993
3.2	-0.662279	-0.749258	-0.736329	-0.935044	1.19016
3.3	-0.73982	-0.672805	-0.827007	-0.852801	1.18794
3.4	-0.759236	-0.650816	-0.890197	-0.801975	1.19817
3.5	-0.727301	-0.686319	-0.900044	-0.787114	1.19567
3.6	-0.645281	-0.763946	-0.83644	-0.822752	1.17327
3.7	-0.512144	-0.8589	-0.702242	-0.92105	1.15822
3.8	-0.334982	-0.942225	-0.486958	-1.07224	1.17763
3.9	-0.135012	-0.990844	-0.154624	-1.18988	1.19988
4	0.0863949	-0.996261	0.202656	-1.159	1.17658
4.1	0.317995	-0.948092	0.473469	-1.0739	1.17364
4.2	0.521157	-0.853461	0.65541	-1.0017	1.19707
4.3	0.666019	-0.745935	0.751386	-0.926801	1.19312
4.4	0.743278	-0.668983	0.804818	-0.85928	1.17732
4.5	0.7617	-0.647929	0.847834	-0.828431	1.18538
4.6	0.725674	-0.688038	0.865525	-0.831013	1.19988
4.7	0.634267	-0.773114	0.813959	-0.860925	1.18479
4.8	0.489568	-0.871965	0.678579	-0.937346	1.15719
4.9	0.30083	-0.953678	0.465058	-1.06782	1.1647
5	0.0952925	-0.995449	0.140773	-1.19021	1.19851
5.1	-0.116865	-0.993148	-0.230945	-1.15742	1.18024
5.2	-0.335453	-0.942057	-0.507665	-1.04376	1.16067
5.3	-0.526982	-0.849876	-0.694956	-0.958434	1.18387
5.4	-0.666772	-0.745261	-0.791841	-0.901331	1.19975
5.5	-0.744006	-0.668173	-0.817716	-0.854094	1.18243
5.6	-0.762621	-0.646845	-0.823146	-0.837467	1.17427
5.7	-0.72636	-0.687314	-0.822065	-0.862929	1.19182
5.8	-0.629843	-0.776723	-0.779913	-0.90893	1.19767
5.9	-0.474225	-0.880404	-0.651517	-0.972965	1.17095
6	-0.273486	-0.961876	-0.43729	-1.07663	1.16205
6.1	-0.056964	-0.998376	-0.124223	-1.18673	1.19321
6.2	0.152953	-0.988234	0.250976	-1.16256	1.18935
6.3	0.359699	-0.933068	0.535003	-1.02934	1.16007
6.4	0.539014	-0.842297	0.723096	-0.920488	1.17054
6.5	0.669134	-0.743142	0.830469	-0.861341	1.19649
6.6	0.743121	-0.669157	0.855224	-0.834785	1.1951
6.7	0.761062	-0.648679	0.832781	-0.835378	1.17957
6.8	0.724283	-0.689503	0.796923	-0.875845	1.18414
6.9	0.625857	-0.779938	0.739373	-0.944602	1.19956
7	0.462174	-0.886789	0.61478	-1.01606	1.18758
7.1	0.249879	-0.968277	0.400318	-1.10007	1.17064
7.2	0.0214184	-0.999771	0.0947967	-1.18582	1.18961
7.3	-0.19282	-0.981234	-0.271878	-1.16495	1.19625
7.4	-0.391349	-0.920242	-0.560725	-1.0266	1.16975
7.5	-0.559122	-0.829085	-0.746412	-0.899245	1.16866
7.6	-0.677781	-0.735264	-0.855645	-0.826721	1.18979
7.7	-0.743815	-0.668385	-0.8892	-0.805729	1.19995
7.8	-0.757862	-0.652415	-0.86078	-0.823902	1.19154
7.9	-0.718283	-0.695751	-0.799002	-0.878739	1.18768
8	-0.617106	-0.78688	-0.711704	-0.963094	1.19753
8.1	-0.448093	-0.893987	-0.5725	-1.05058	1.19645
8.2	-0.226541	-0.974002	-0.352278	-1.12953	1.18319
8.3	0.0121524	-0.999926	-0.0488462	-1.1904	1.1914
8.4	0.233913	-0.972257	0.302202	-1.16024	1.19895
8.5	0.428846	-0.903378	0.586986	-1.02582	1.18189
8.6	0.586014	-0.810301	0.769042	-0.890929	1.17694
8.7	0.692714	-0.721212	0.873252	-0.807272	1.18923
8.8	0.747931	-0.663776	0.909212	-0.782049	1.19928
8.9	0.75384	-0.657058	0.884148	-0.808781	1.19827
9	0.707822	-0.706391	0.811597	-0.877361	1.19518
9.1	0.600918	-0.799311	0.69828	-0.974012	1.19846
9.2	0.426818	-0.904337	0.531975	-1.07446	1.19894
9.3	0.199255	-0.979948	0.294657	-1.15573	1.1927
9.4	-0.0464846	-0.998919	-0.0119102	-1.19591	1.19597
9.5	-0.274982	-0.961449	-0.344188	-1.14909	1.19953
9.6	-0.468555	-0.883434	-0.614325	-1.02037	1.19103
9.7	-0.615925	-0.787805	-0.789384	-0.887362	1.18766
9.8	-0.710235	-0.703964	-0.886283	-0.79887	1.19319
9.9	-0.753351	-0.657619	-0.919328	-0.769205	1.19868
10	-0.748352	-0.663302	-0.895973	-0.798239	1.19998
10.1	-0.692377	-0.721536	-0.819219	-0.876168	1.1995
10.2	-0.576764	-0.816911	-0.686826	-0.983903	1.19991
10.3	-0.3968	-0.917905	-0.491556	-1.09403	1.19939
10.4	-0.165749	-0.986168	-0.229822	-1.17563	1.19788
10.5	0.0836774	-0.996493	0.0819549	-1.19649	1.19929
10.6	0.316096	-0.948727	0.393099	-1.13331	1.19955
10.7	0.50742	-0.861699	0.641533	-1.01007	1.19658
10.8	0.644896	-0.76427	0.805226	-0.883829	1.19563
10.9	0.726449	-0.687221	0.894549	-0.795582	1.19715
11	0.756928	-0.653498	0.923594	-0.764053	1.19867
11.1	0.73975	-0.672882	0.89906	-0.793797	1.19934
11.2	0.671782	-0.740749	0.817728	-0.877496	1.19945
11.3	0.54587	-0.83787	0.669553	-0.99504	1.19934
11.4	0.360174	-0.932885	0.446995	-1.11306	1.19946
11.5	0.127722	-0.99181	0.159657	-1.18924	1.19991
11.6	-0.12284	-0.992426	-0.154491	-1.18991	1.19989
11.7	-0.356219	-0.934402	-0.442	-1.11507	1.19948
11.8	-0.543152	-0.839634	-0.66543	-0.9979	1.19942
11.9	-0.67016	-0.742217	-0.815013	-0.880121	1.19952
12	-0.738988	-0.673718	-0.897824	-0.795255	1.19938
12.1	-0.756895	-0.653536	-0.923695	-0.763889	1.19864
12.2	-0.727179	-0.686448	-0.89591	-0.793824	1.197
12.3	-0.646575	-0.762851	-0.807947	-0.880999	1.19538
12.4	-0.510289	-0.860003	-0.645687	-1.0072	1.1964
12.5	-0.320221	-0.947343	-0.398299	-1.13147	1.19953
12.6	-0.088539	-0.996073	-0.0877671	-1.19607	1.19929
12.7	0.161035	-0.986949	0.223837	-1.17683	1.19793
12.8	0.392787	-0.919629	0.486491	-1.09632	1.19941
12.9	0.573682	-0.819078	0.683516	-0.98622	1.19993
13	0.690309	-0.723515	0.817594	-0.877782	1.19957
13.1	0.747276	-0.664514	0.895444	-0.79885	1.19999
13.2	0.753259	-0.657725	0.919519	-0.768888	1.19863
13.3	0.711224	-0.702965	0.887266	-0.797883	1.19326
13.4	0.618145	-0.786064	0.791418	-0.885945	1.18796
13.5	0.472016	-0.88159	0.617621	-1.0187	1.1913
13.6	0.279255	-0.960217	0.349199	-1.14759	1.19954
13.7	0.0506574	-0.998716	0.0191429	-1.19622	1.19637
13.8	-0.195491	-0.980706	-0.287155	-1.15846	1.19352
13.9	-0.423283	-0.905998	-0.526669	-1.0772	1.19906
14	-0.597637	-0.801767	-0.696752	-0.97548	1.19876
14.1	-0.7052	-0.709009	-0.812907	-0.877529	1.19619
14.2	-0.752184	-0.658953	-0.885724	-0.807839	1.1988
14.3	-0.747502	-0.664259	-0.909731	-0.781229	1.19914
14.4	-0.693746	-0.72022	-0.873491	-0.807921	1.18984
14.5	-0.588582	-0.808437	-0.769774	-0.893112	1.17907
14.6	-0.43275	-0.901514	-0.587685	-1.02799	1.18411
14.7	-0.237918	-0.971285	-0.304096	-1.16002	1.19922
14.8	-0.0143224	-0.999897	0.0419422	-1.19182	1.19256
14.9	0.225631	-0.974213	0.343835	-1.13554	1.18646
15	0.447063	-0.894502	0.565901	-1.05537	1.19752
15.1	0.615017	-0.788514	0.710877	-0.964044	1.1978
15.2	0.715582	-0.698529	0.804644	-0.877604	1.19065
15.3	0.755195	-0.6555	0.867861	-0.820747	1.19449
15.4	0.74186	-0.670555	0.892454	-0.802166	1.19998
15.5	0.677322	-0.735686	0.855187	-0.827142	1.18975
15.6	0.560413	-0.828213	0.744882	-0.905486	1.1725
15.7	0.394403	-0.918938	0.55671	-1.0358	1.17593
15.8	0.196165	-0.980571	0.264983	-1.16836	1.19803
15.9	-0.0220058	-0.999758	-0.0933288	-1.18661	1.19027
16	-0.253556	-0.967321	-0.393379	-1.11032	1.17795
16.1	-0.466131	-0.884715	-0.605872	-1.0278	1.19308
16.2	-0.627294	-0.778782	-0.733076	-0.948518	1.19879
16.3	-0.72255	-0.691318	-0.801982	-0.874869	1.18683
16.4	-0.757134	-0.653259	-0.846744	-0.832061	1.18714
16.5	-0.737692	-0.675137	-0.867065	-0.827658	1.19867
16.6	-0.663918	-0.747805	-0.831961	-0.856256	1.19387
16.7	-0.53559	-0.844478	-0.718028	-0.926431	1.17211
16.8	-0.358844	-0.933398	-0.524386	-1.04563	1.16975
16.9	-0.154636	-0.987972	-0.230011	-1.17322	1.19556
17	0.0597751	-0.998212	0.135687	-1.18325	1.191
17.1	0.282087	-0.959389	0.435694	-1.08747	1.1715
17.2	0.484036	-0.875048	0.643566	-0.995672	1.18555
17.3	0.636885	-0.770959	0.763717	-0.925599	1.2
17.4	0.727226	-0.686398	0.813074	-0.867036	1.18863
17.5	0.757895	-0.652377	0.833406	-0.837574	1.18157
17.6	0.734207	-0.678925	0.838786	-0.849405	1.19375
17.7	0.653273	-0.757123	0.802862	-0.889874	1.19853
17.8	0.514192	-0.857675	0.688289	-0.956113	1.17809
17.9	0.326476	-0.945205	0.489419	-1.06118	1.1686
18	0.114243	-0.993453	0.194438	-1.17667	1.19263
18.1	-0.0994282	-0.995045	-0.172671	-1.18115	1.19371
18.2	-0.313157	-0.949701	-0.472643	-1.07038	1.17009
18.3	-0.503945	-0.863736	-0.676321	-0.965158	1.17853
18.4	-0.646606	-0.762824	-0.795336	-0.896538	1.19847
18.5	-0.730791	-0.682601	-0.836061	-0.852655	1.19416
18.6	-0.757362	-0.652995	-0.835038	-0.837295	1.18252
18.7	-0.729676	-0.683794	-0.817914	-0.863276	1.18921
18.8	-0.643034	-0.765837	-0.771002	-0.919539	1.2
18.9	-0.494447	-0.869208	-0.653858	-0.989989	1.18643
19	-0.296022	-0.955181	-0.449566	-1.08334	1.17292
19.1	-0.0750931	-0.997177	-0.153146	-1.18132	1.1912
19.2	0.140842	-0.990032	0.209669	-1.17782	1.19633
19.3	0.347821	-0.937561	0.507155	-1.05844	1.17367
19.4	0.527643	-0.849466	0.705292	-0.94134	1.17625
19.5	0.658894	-0.752236	0.821984	-0.868002	1.19544
19.6	0.734685	-0.678409	0.861386	-0.833156	1.19839
19.7	0.755694	-0.654924	0.848284	-0.832201	1.18834
19.8	0.722924	-0.690928	0.809858	-0.871046	1.18937
19.9	0.630379	-0.776287	0.743201	-0.941427	1.19943
20	0.473444	-0.880824	0.615327	-1.02178	1.19276
20.1	0.265307	-0.964164	0.402707	-1.1095	1.18032
20.2	0.0363085	-0.999341	0.10245	-1.18809	1.1925
20.3	-0.183673	-0.982987	-0.25169	-1.17107	1.19781
20.4	-0.386079	-0.922466	-0.541624	-1.04819	1.17985
20.5	-0.555336	-0.831626	-0.732423	-0.924579	1.17953
20.6	-0.674533	-0.738245	-0.843182	-0.84575	1.19426
20.7	-0.739871	-0.672749	-0.88148	-0.813983	1.19982
20.8	-0.752979	-0.658044	-0.863854	-0.824498	1.19417
20.9	-0.713108	-0.701054	-0.810518	-0.875729	1.19325
21	-0.613101	-0.790005	-0.722023	-0.957742	1.19941
21.1	-0.448126	-0.893971	-0.574855	-1.0487	1.19592
21.2	-0.231908	-0.972738	-0.347967	-1.13562	1.18773
21.3	0.0035413	-0.999994	-0.041163	-1.19493	1.19564
21.4	0.227654	-0.973742	0.300792	-1.15989	1.19826
21.5	0.426764	-0.904363	0.576978	-1.03641	1.18619
21.6	0.585695	-0.810531	0.75787	-0.912296	1.18602
21.7	0.692325	-0.721586	0.85994	-0.830697	1.19564
21.8	0.745816	-0.666152	0.89468	-0.799717	1.2
21.9	0.748794	-0.662803	0.875057	-0.817908	1.19779
22	0.699415	-0.714716	0.812161	-0.879908	1.19743
22.1	0.589931	-0.807454	0.703561	-0.972039	1.19994
22.2	0.416644	-0.90907	0.532447	-1.07213	1.19707
22.3	0.194157	-0.98097	0.285494	-1.1589	1.19354
22.4	-0.0456476	-0.998958	-0.0291068	-1.19827	1.19863
22.5	-0.272634	-0.962118	-0.355275	-1.14425	1.19813
22.6	-0.46814	-0.883654	-0.612485	-1.02209	1.19156
22.7	-0.616468	-0.78738	-0.78046	-0.901865	1.19268
22.8	-0.710012	-0.70419	-0.872497	-0.820802	1.1979
22.9	-0.750834	-0.660491	-0.902263	-0.79114	1.19999
23	-0.742122	-0.670265	-0.88031	-0.814848	1.19955
23.1	-0.681198	-0.732099	-0.809583	-0.885453	1.19977
23.2	-0.560664	-0.828044	-0.682432	-0.986702	1.19971
23.3	-0.37907	-0.925368	-0.485916	-1.09444	1.19746
23.4	-0.152128	-0.988361	-0.215862	-1.17793	1.19755
23.5	0.0900927	-0.995933	0.104502	-1.19541	1.19997
23.6	0.318037	-0.948078	0.41108	-1.12512	1.19786
23.7	0.508387	-0.861129	0.646076	-1.00619	1.19575
23.8	0.645351	-0.763886	0.798825	-0.892127	1.1975
23.9	0.725433	-0.688293	0.880882	-0.814133	1.19949
24	0.753242	-0.657743	0.905709	-0.78718	1.19998
24.1	0.731964	-0.681343	0.880237	-0.815563	1.19998
24.2	0.658266	-0.752786	0.80083	-0.893055	1.19953
24.3	0.526087	-0.850431	0.655645	-1.00279	1.19811
24.4	0.336989	-0.941509	0.433751	-1.11654	1.19783
24.5	0.107411	-0.994215	0.140797	-1.19141	1.1997
24.6	-0.135668	-0.990754	-0.180115	-1.18575	1.19935
24.7	-0.362433	-0.93201	-0.464068	-1.10426	1.19781
24.8	-0.545705	-0.837977	-0.675403	-0.990222	1.19863
24.9	-0.670581	-0.741837	-0.812026	-0.883234	1.19979
25	-0.737242	-0.675628	-0.885279	-0.81011	1.2
25.1	-0.752144	-0.658999	-0.905788	-0.787036	1.19995
25.2	-0.717965	-0.696079	-0.875348	-0.819492	1.19908
25.3	-0.631087	-0.775712	-0.785702	-0.902575	1.19665
25.4	-0.48761	-0.873062	-0.62301	-1.02026	1.19544
25.5	-0.292527	-0.956257	-0.376633	-1.13771	1.19843
25.6	-0.0620705	-0.998072	-0.0636849	-1.19807	1.19976
25.7	0.180412	-0.983591	0.251731	-1.17044	1.19721
25.8	0.403845	-0.914827	0.51177	-1.08321	1.19802
25.9	0.578529	-0.815662	0.699121	-0.975216	1.19992
26	0.691203	-0.722661	0.819719	-0.875904	1.19964
26.1	0.745102	-0.666951	0.885608	-0.809281	1.19968
26.2	0.747594	-0.664156	0.902345	-0.790853	1.19986
26.3	0.700596	-0.713558	0.865651	-0.826505	1.19685
26.4	0.600711	-0.799467	0.764851	-0.913737	1.1916
26.5	0.446749	-0.894659	0.58605	-1.03817	1.19216
26.6	0.247416	-0.968909	0.317102	-1.15638	1.19907
26.7	0.0177343	-0.999843	-0.0113737	-1.19771	1.19777
26.8	-0.222454	-0.974943	-0.317129	-1.15112	1.194
26.9	-0.440559	-0.897724	-0.554025	-1.06242	1.1982
27	-0.60593	-0.795518	-0.717737	-0.961347	1.19972
27.1	-0.707135	-0.707079	-0.822251	-0.870628	1.19753
27.2	-0.749528	-0.661973	-0.881344	-0.812387	1.19864
27.3	-0.740451	-0.672111	-0.894665	-0.79946	1.19982
27.4	-0.681013	-0.732271	-0.851205	-0.837318	1.19401
27.5	-0.568526	-0.822666	-0.739383	-0.926625	1.18546
27.6	-0.404792	-0.914409	-0.546684	-1.05536	1.18855
27.7	-0.202521	-0.979278	-0.258314	-1.17134	1.19948
27.8	0.024925	-0.999689	0.0811173	-1.19163	1.19439
27.9	0.260867	-0.965375	0.376028	-1.12889	1.18987
28	0.471898	-0.881653	0.592572	-1.04115	1.19797
28.1	0.627914	-0.778282	0.733798	-0.947955	1.19878
28.2	0.718987	-0.695024	0.821182	-0.866943	1.19412
28.3	0.751523	-0.659707	0.872215	-0.819186	1.19659
28.4	0.732021	-0.681283	0.882112	-0.813466	1.19994
28.5	0.660715	-0.750637	0.832476	-0.853097	1.19197
28.6	0.536011	-0.844211	0.710511	-0.941934	1.17986
28.7	0.36279	-0.931871	0.50622	-1.07125	1.18484
28.8	0.157978	-0.987443	0.202564	-1.18241	1.19964
28.9	-0.0662453	-0.997803	-0.14397	-1.18208	1.19082
29	-0.296097	-0.955158	-0.428982	-1.10463	1.185
29.1	-0.498528	-0.866874	-0.62949	-1.01803	1.19693
29.2	-0.645344	-0.763892	-0.750996	-0.933709	1.19825
29.3	-0.727676	-0.685921	-0.819887	-0.863395	1.19066
29.4	-0.752005	-0.659157	-0.859555	-0.827778	1.19334
29.5	-0.723427	-0.690401	-0.864704	-0.831967	1.19995
29.6	-0.640978	-0.767559	-0.810026	-0.874437	1.19197
29.7	-0.504361	-0.863493	-0.679116	-0.960759	1.17654
29.8	-0.321581	-0.946882	-0.464872	-1.08641	1.18169
29.9	-0.113681	-0.993517	-0.150264	-1.19014	1.19959
30	0.10713	-0.994245	0.200053	-1.17135	1.18831
30.1	0.329595	-0.944122	0.476548	-1.07979	1.18027
30.2	0.522135	-0.852863	0.665363	-0.992454	1.19485
30.3	0.659588	-0.751627	0.771839	-0.917156	1.19871
30.4	0.734082	-0.679061	0.82257	-0.858421	1.18891
30.5	0.751376	-0.659874	0.847037	-0.835513	1.18977
30.6	0.714955	-0.699171	0.843862	-0.852085	1.19923
30.7	0.622214	-0.782847	0.784145	-0.900228	1.19386
30.8	0.473983	-0.880534	0.645286	-0.983759	1.17651
30.9	0.281539	-0.95955	0.421755	-1.10217	1.18011
31	0.0695516	-0.997578	0.0997504	-1.19529	1.19944
31.1	-0.148481	-0.988915	-0.250939	-1.16068	1.18749
31.2	-0.362982	-0.931796	-0.519519	-1.05628	1.17713
31.3	-0.544709	-0.838625	-0.699208	-0.96563	1.1922
31.4	-0.672151	-0.740414	-0.795638	-0.897739	1.19957
31.5	-0.738915	-0.673799	-0.831389	-0.851136	1.18981
31.6	-0.74957	-0.661925	-0.838931	-0.840851	1.18779
31.7	-0.705939	-0.708272	-0.822751	-0.870614	1.19787
31.8	-0.603674	-0.797232	-0.75531	-0.92764	1.19625
31.9	-0.444248	-0.895904	-0.608291	-1.01032	1.1793
32	-0.242288	-0.970204	-0.375166	-1.11968	1.18086
32.1	-0.0254254	-0.999677	-0.0480174	-1.1984	1.19936
32.2	0.190923	-0.981605	0.299117	-1.14981	1.18808
32.3	0.397463	-0.917618	0.559187	-1.03528	1.17665
32.4	0.567845	-0.823135	0.730103	-0.940064	1.19028
32.5	0.684362	-0.729143	0.819357	-0.876711	1.19999
32.6	0.742715	-0.669608	0.844752	-0.84162	1.19245
32.7	0.74633	-0.665576	0.83696	-0.843863	1.18853
32.8	0.695262	-0.718757	0.804666	-0.88618	1.197
32.9	0.583781	-0.811911	0.724779	-0.953754	1.1979
33	0.413734	-0.910398	0.567239	-1.0386	1.18341
33.1	0.202836	-0.979213	0.323176	-1.13896	1.18392
33.2	-0.0190588	-0.999818	-0.00789323	-1.19951	1.19953
33.3	-0.234739	-0.972058	-0.347039	-1.13755	1.18931
33.4	-0.433585	-0.901113	-0.596838	-1.01665	1.17889
33.5	-0.592301	-0.805717	-0.75796	-0.917775	1.1903
33.6	-0.697014	-0.717058	-0.840244	-0.856647	1.19994
33.7	-0.745792	-0.666179	-0.858858	-0.831152	1.19518
33.8	-0.741308	-0.671165	-0.839318	-0.845504	1.19136
33.9	-0.681817	-0.731523	-0.790552	-0.899382	1.19744
34	-0.560797	-0.827953	-0.693793	-0.977326	1.19855
34.1	-0.380766	-0.924671	-0.52163	-1.06665	1.18737
34.2	-0.162009	-0.986789	-0.264295	-1.15865	1.18842
34.3	0.0643881	-0.997925	0.0696002	-1.19786	1.19988
34.4	0.279855	-0.960042	0.396136	-1.12276	1.1906
34.5	0.471137	-0.88206	0.633091	-0.99941	1.18306
34.6	0.61786	-0.786288	0.782873	-0.899296	1.19232
34.7	0.71004	-0.704162	0.85709	-0.839721	1.19989
34.8	0.748026	-0.66367	0.870503	-0.821782	1.19712
34.9	0.734017	-0.679131	0.842508	-0.847148	1.19477
35	0.664665	-0.747141	0.778494	-0.911589	1.19877
35.1	0.533363	-0.845886	0.662108	-0.998938	1.19844
35.2	0.344017	-0.938964	0.471077	-1.09342	1.19058
35.3	0.118909	-0.992905	0.197896	-1.17665	1.19317
35.4	-0.110974	-0.993823	-0.13673	-1.19216	1.19997
35.5	-0.325867	-0.945416	-0.446303	-1.10509	1.19181
35.6	-0.509233	-0.860629	-0.667643	-0.98272	1.18806
35.7	-0.643503	-0.765444	-0.804537	-0.884053	1.19534
35.8	-0.722568	-0.6913	-0.869766	-0.826698	1.19997
35.9	-0.748777	-0.662822	-0.878347	-0.815175	1.19833
36	-0.723807	-0.690003	-0.843608	-0.850152	1.19768
36.1	-0.643103	-0.765779	-0.76534	-0.924077	1.19986
36.2	-0.500827	-0.865547	-0.627961	-1.01994	1.19775
36.3	-0.303003	-0.952989	-0.414906	-1.11875	1.19321
36.4	-0.0732563	-0.997313	-0.124446	-1.19065	1.19714
36.5	0.158879	-0.987298	0.207049	-1.18141	1.19942
36.6	0.372047	-0.928214	0.496089	-1.0851	1.19313
36.7	0.546581	-0.837406	0.699482	-0.966329	1.19292
36.8	0.667819	-0.744323	0.822397	-0.871232	1.19807
36.9	0.733378	-0.679821	0.878588	-0.817349	1.19999
37	0.747144	-0.664662	0.882389	-0.812001	1.19915
37.1	0.710029	-0.704173	0.84101	-0.855315	1.19953
37.2	0.616816	-0.787108	0.748429	-0.9377	1.19976
37.3	0.463344	-0.886178	0.589389	-1.04146	1.19667
37.4	0.258238	-0.966081	0.352528	-1.14246	1.19561
37.5	0.0254949	-0.999675	0.0457427	-1.19865	1.19952
37.6	-0.207591	-0.978216	-0.277306	-1.16567	1.1982
37.7	-0.417303	-0.908768	-0.543448	-1.06397	1.19472
37.8	-0.581767	-0.813355	-0.727366	-0.950472	1.19685
37.9	-0.689468	-0.724316	-0.836063	-0.860367	1.19968
38	-0.741409	-0.671053	-0.883989	-0.811306	1.19986
38.1	-0.742376	-0.669983	-0.882937	-0.81226	1.19973
38.2	-0.692302	-0.721608	-0.833919	-0.862834	1.19996
38.3	-0.585989	-0.810319	-0.726271	-0.952871	1.1981
38.4	-0.421756	-0.906709	-0.545387	-1.06392	1.19556
38.5	-0.210931	-0.977501	-0.284243	-1.16358	1.19779
38.6	0.023395	-0.999726	0.0351205	-1.19938	1.1999
38.7	0.256017	-0.966672	0.34437	-1.1461	1.19672
38.8	0.460278	-0.887775	0.586575	-1.04285	1.1965
38.9	0.613507	-0.78969	0.75038	-0.935517	1.19928
39	0.707494	-0.70672	0.845507	-0.851469	1.19995
39.1	0.74606	-0.665879	0.886273	-0.808498	1.19965
39.2	0.734145	-0.678993	0.880015	-0.815821	1.2
39.3	0.670703	-0.741726	0.821877	-0.87267	1.19876
39.4	0.551286	-0.834317	0.698519	-0.969676	1.19507
39.5	0.377275	-0.926101	0.496166	-1.08693	1.19482
39.6	0.16247	-0.986714	0.211658	-1.18057	1.19939
39.7	-0.0722193	-0.997389	-0.114535	-1.19286	1.19835
39.8	-0.302746	-0.953071	-0.40617	-1.12425	1.19537
39.9	-0.499674	-0.866213	-0.624504	-1.02247	1.19811
40	-0.640923	-0.767606	-0.768331	-0.921772	1.2
40.1	-0.721518	-0.692396	-0.850959	-0.844859	1.19913
40.2	-0.747278	-0.664511	-0.885438	-0.809121	1.19945
40.3	-0.722629	-0.691236	-0.873354	-0.822697	1.19982
40.4	-0.645772	-0.76353	-0.804779	-0.884843	1.19608
40.5	-0.51366	-0.857994	-0.665714	-0.987915	1.19128
40.6	-0.331126	-0.943587	-0.442851	-1.10947	1.19459
40.7	-0.113965	-0.993485	-0.137386	-1.19211	1.2
40.8	0.119889	-0.992787	0.189594	-1.18025	1.19538
40.9	0.346493	-0.938052	0.462063	-1.10128	1.19429
41	0.5346	-0.845105	0.657414	-1.00296	1.19921
41.1	0.663721	-0.74798	0.781826	-0.909384	1.19926
41.2	0.731734	-0.681591	0.852727	-0.840841	1.19756
41.3	0.745498	-0.666508	0.881204	-0.813423	1.19924
41.4	0.708438	-0.705773	0.862661	-0.833112	1.19927
41.5	0.618362	-0.785894	0.782954	-0.899513	1.19254
41.6	0.474123	-0.880459	0.62885	-1.00719	1.18738
41.7	0.284257	-0.958748	0.386995	-1.13034	1.19476
41.8	0.0660324	-0.997817	0.0642189	-1.19781	1.19953
41.9	-0.165707	-0.986175	-0.25876	-1.16321	1.19164
42	-0.386525	-0.922279	-0.512542	-1.07758	1.19327
42.1	-0.564785	-0.825238	-0.686535	-0.98391	1.19975
42.2	-0.682154	-0.731208	-0.792237	-0.898187	1.19766
42.3	-0.738701	-0.674034	-0.851337	-0.8393	1.19549
42.4	-0.741415	-0.671047	-0.873323	-0.82138	1.1989
42.5	-0.692402	-0.721512	-0.847856	-0.847346	1.19869
42.6	-0.589413	-0.807832	-0.757004	-0.916979	1.18908
42.7	-0.433568	-0.901121	-0.588854	-1.02716	1.18398
42.8	-0.237232	-0.971453	-0.329967	-1.14865	1.19511
42.9	-0.0187836	-0.999824	0.00577175	-1.19831	1.19832
43	0.209568	-0.977794	0.321732	-1.14338	1.18778
43.1	0.422896	-0.906178	0.558571	-1.05312	1.19208
43.2	0.590623	-0.806947	0.713583	-0.964684	1.19992
43.3	0.696849	-0.717217	0.801507	-0.887649	1.19597
43.4	0.743075	-0.669208	0.847943	-0.83951	1.19322
43.5	0.73569	-0.677318	0.862072	-0.832327	1.19831
43.6	0.675258	-0.737582	0.829163	-0.865305	1.19844
43.7	0.559689	-0.828703	0.727511	-0.937496	1.18666
43.8	0.392648	-0.919689	0.546205	-1.04783	1.18165
43.9	0.190299	-0.981726	0.272395	-1.1641	1.19555
44	-0.0280187	-0.999607	-0.0717795	-1.19476	1.19692
44.1	-0.251914	-0.96775	-0.378992	-1.12219	1.18446
44.2	-0.45636	-0.889795	-0.600936	-1.02799	1.19075
44.3	-0.613011	-0.790074	-0.739837	-0.94472	1.19994
44.4	-0.708596	-0.705614	-0.811539	-0.877087	1.19494
44.5	-0.745384	-0.666635	-0.844376	-0.840418	1.19133
44.6	-0.728661	-0.684875	-0.848566	-0.844946	1.1975
44.7	-0.657324	-0.753608	-0.807106	-0.886143	1.19861
44.8	-0.529512	-0.848302	-0.694776	-0.960943	1.1858
44.9	-0.351637	-0.936136	-0.500763	-1.06941	1.18085
45	-0.143484	-0.989653	-0.213904	-1.17685	1.19613
45.1	0.0747531	-0.997202	0.134265	-1.18814	1.1957
45.2	0.293468	-0.955969	0.431453	-1.10075	1.18228
45.3	0.488003	-0.872842	0.640018	-1.00281	1.18964
45.4	0.633047	-0.774114	0.765475	-0.923989	1.19988
45.5	0.718149	-0.695889	0.823263	-0.866039	1.1949
45.6	0.745927	-0.666028	0.842415	-0.841213	1.19051
45.7	0.720231	-0.693734	0.834535	-0.857852	1.19681
45.8	0.638329	-0.769764	0.782477	-0.908404	1.19895
45.9	0.498615	-0.866823	0.658756	-0.986636	1.18634
46	0.310352	-0.950622	0.451815	-1.092	1.18178
46.1	0.0966105	-0.995322	0.15332	-1.18711	1.19697
46.2	-0.121791	-0.992556	-0.194499	-1.17887	1.19481
46.3	-0.334911	-0.94225	-0.480212	-1.07968	1.18166
46.4	-0.518814	-0.854887	-0.67599	-0.978563	1.18935
46.5	-0.651707	-0.758471	-0.78973	-0.903211	1.19978
46.6	-0.726093	-0.687597	-0.836156	-0.854588	1.19561
46.7	-0.744771	-0.66732	-0.842763	-0.841669	1.19107
46.8	-0.709959	-0.704243	-0.821472	-0.87027	1.19674
46.9	-0.617502	-0.786569	-0.756165	-0.930696	1.19916
47	-0.46623	-0.884663	-0.619205	-1.0135	1.18769
47.1	-0.268235	-0.963353	-0.398306	-1.11528	1.18427
47.2	-0.0493452	-0.998782	-0.0892411	-1.19476	1.19809
47.3	0.169405	-0.985546	0.253859	-1.16684	1.19414
47.4	0.376646	-0.926357	0.52624	-1.0591	1.18264
47.5	0.549369	-0.83558	0.708963	-0.956119	1.19029
47.6	0.669585	-0.742736	0.811578	-0.883583	1.19974
47.7	0.732737	-0.680512	0.848709	-0.843455	1.19655
47.8	0.741775	-0.670649	0.844687	-0.84214	1.19277
47.9	0.697216	-0.716861	0.80973	-0.882211	1.19748
48	0.593848	-0.804577	0.728656	-0.952316	1.1991
48.1	0.431367	-0.902177	0.575785	-1.04054	1.18922
48.2	0.224599	-0.974451	0.339183	-1.13837	1.18783
48.3	0.00129903	-0.999999	0.0207631	-1.19905	1.19923
48.4	-0.217694	-0.976017	-0.31314	-1.15177	1.19358
48.5	-0.418649	-0.908148	-0.570057	-1.03882	1.18495
48.6	-0.57967	-0.814851	-0.738892	-0.935882	1.19241
48.7	-0.68672	-0.726922	-0.830256	-0.866197	1.19984
48.8	-0.738026	-0.674773	-0.859382	-0.833746	1.19736
48.9	-0.736597	-0.676332	-0.846573	-0.843381	1.19498
49	-0.681318	-0.731988	-0.798319	-0.894194	1.19871
49.1	-0.566446	-0.824099	-0.699552	-0.973373	1.19868
49.2	-0.393174	-0.919464	-0.527992	-1.06719	1.19066
49.3	-0.178915	-0.983865	-0.273719	-1.15997	1.19182
49.4	0.0478201	-0.998856	0.0519189	-1.19881	1.19994
49.5	0.266509	-0.963832	0.37217	-1.13364	1.19317
49.6	0.460438	-0.887692	0.611559	-1.0187	1.18817
49.7	0.609167	-0.793042	0.765471	-0.917818	1.19513
49.8	0.702628	-0.711558	0.845381	-0.851634	1.19998
49.9	0.741541	-0.670908	0.867246	-0.826466	1.19798
50	0.728732	-0.684799	0.846794	-0.846234	1.19715
50.1	0.661639	-0.749823	0.785457	-0.906886	1.19974
50.2	0.534696	-0.845044	0.667646	-0.994458	1.19779
50.3	0.351259	-0.936278	0.475115	-1.09331	1.19208
50.4	0.131033	-0.991378	0.201814	-1.17843	1.19559
50.5	-0.0980551	-0.995181	-0.127312	-1.19303	1.1998
50.6	-0.315404	-0.948957	-0.429892	-1.11295	1.19309
50.7	-0.501188	-0.865338	-0.650098	-0.998852	1.19178
50.8	-0.636966	-0.770892	-0.788249	-0.90171	1.19767
50.9	-0.716531	-0.697555	-0.856905	-0.840016	1.19996
51	-0.74266	-0.669669	-0.872027	-0.822194	1.19851
51.1	-0.71763	-0.696424	-0.844183	-0.851293	1.19889
51.2	-0.637758	-0.770237	-0.769359	-0.920839	1.19994
51.3	-0.498475	-0.866904	-0.631532	-1.01622	1.19647
51.4	-0.305836	-0.952084	-0.416478	-1.11869	1.1937
51.5	-0.0812524	-0.996694	-0.12429	-1.19201	1.19847
51.6	0.149086	-0.988824	0.202982	-1.18143	1.19874
51.7	0.36361	-0.931551	0.484834	-1.09063	1.19354
51.8	0.5399	-0.841729	0.684771	-0.979615	1.19522
51.9	0.662114	-0.749404	0.806857	-0.887423	1.19939
52	0.727675	-0.685922	0.865002	-0.831322	1.19972
52.1	0.740804	-0.671721	0.873757	-0.821132	1.19904
52.2	0.702873	-0.711315	0.837976	-0.858785	1.19988
52.3	0.609574	-0.792729	0.748734	-0.936377	1.19892
52.4	0.458146	-0.888877	0.590266	-1.03902	1.19498
52.5	0.257646	-0.966239	0.351883	-1.14265	1.1956
52.6	0.0302148	-0.999543	0.0430818	-1.19913	1.1999
52.7	-0.200205	-0.979754	-0.2763	-1.16471	1.19704
52.8	-0.410097	-0.912042	-0.535644	-1.06773	1.19455
52.9	-0.575562	-0.817758	-0.71481	-0.96132	1.19795
53	-0.683831	-0.729641	-0.821198	-0.875003	1.2
53.1	-0.735545	-0.677476	-0.8699	-0.825627	1.19933
53.2	-0.735623	-0.677392	-0.872386	-0.823322	1.19955
53.3	-0.684322	-0.72918	-0.827587	-0.868734	1.19983
53.4	-0.57735	-0.816497	-0.722927	-0.953636	1.19668
53.5	-0.414437	-0.910078	-0.543632	-1.06275	1.19372
53.6	-0.207686	-0.978196	-0.281975	-1.16389	1.19756
53.7	0.021281	-0.999774	0.0389874	-1.19899	1.19962
53.8	0.250434	-0.968134	0.345162	-1.14428	1.1952
53.9	0.453778	-0.891115	0.581456	-1.04506	1.19592
54	0.607348	-0.794436	0.739924	-0.944181	1.19957
54.1	0.701664	-0.712508	0.831499	-0.864636	1.19958
54.2	0.739957	-0.672655	0.871744	-0.823095	1.19893
54.3	0.727073	-0.686561	0.867681	-0.82879	1.1999
54.4	0.662172	-0.749352	0.812592	-0.881161	1.19865
54.5	0.541653	-0.840602	0.691883	-0.972629	1.19361
54.6	0.368256	-0.929725	0.492037	-1.08682	1.19301
54.7	0.156903	-0.987614	0.208274	-1.1809	1.19913
54.8	-0.0724534	-0.997372	-0.118989	-1.19188	1.19781
54.9	-0.298758	-0.954329	-0.408425	-1.12158	1.19363
55	-0.493787	-0.869583	-0.622072	-1.02302	1.19731
55.1	-0.63481	-0.772669	-0.760427	-0.928297	1.19999
55.2	-0.715567	-0.698544	-0.838221	-0.856518	1.19843
55.3	-0.74106	-0.671439	-0.870581	-0.823834	1.19859
55.4	-0.71541	-0.698705	-0.85937	-0.837541	1.2
55.5	-0.636892	-0.770953	-0.792888	-0.896114	1.19653
55.6	-0.503218	-0.86416	-0.656011	-0.993211	1.1903
55.7	-0.320485	-0.947254	-0.436269	-1.11033	1.19296
55.8	-0.105984	-0.994368	-0.132823	-1.19256	1.19993
55.9	0.122674	-0.992447	0.194752	-1.17901	1.19498
56	0.344397	-0.938824	0.465913	-1.09768	1.19246
56.1	0.529671	-0.848203	0.657962	-1.00164	1.19841
56.2	0.657946	-0.753065	0.777148	-0.913661	1.19947
56.3	0.72584	-0.687863	0.841944	-0.850713	1.19691
56.4	0.739241	-0.673441	0.866423	-0.827794	1.1983
56.5	0.701085	-0.713078	0.847302	-0.849535	1.19985
56.6	0.609084	-0.793106	0.768699	-0.913617	1.19398
56.7	0.462768	-0.88648	0.61593	-1.01509	1.18734
56.8	0.271821	-0.962348	0.37723	-1.13232	1.1935
56.9	0.055299	-0.99847	0.0576423	-1.19846	1.19984
57	-0.171569	-0.985172	-0.265193	-1.16191	1.19178
57.1	-0.386981	-0.922088	-0.518086	-1.07312	1.19164
57.2	-0.561428	-0.827526	-0.690042	-0.980687	1.19913
57.3	-0.677096	-0.735894	-0.79123	-0.900131	1.19845
57.4	-0.732953	-0.680279	-0.843379	-0.847031	1.1953
57.5	-0.734955	-0.678116	-0.859405	-0.834679	1.19803
57.6	-0.684575	-0.728943	-0.831516	-0.86462	1.19958
57.7	-0.5793	-0.815115	-0.74039	-0.933647	1.19158
57.8	-0.420886	-0.907114	-0.572145	-1.03796	1.1852
57.9	-0.222696	-0.974888	-0.315645	-1.15198	1.19444
58	-0.00493127	-0.999988	0.0157767	-1.19891	1.19902
58.1	0.219076	-0.975708	0.330145	-1.14203	1.18879
58.2	0.426611	-0.904435	0.56562	-1.04823	1.1911
58.3	0.589447	-0.807807	0.719295	-0.959924	1.19952
58.4	0.692794	-0.721135	0.803874	-0.887452	1.19741
58.5	0.737374	-0.675485	0.843442	-0.845042	1.19394
58.6	0.728545	-0.684998	0.849981	-0.84391	1.19777
58.7	0.666199	-0.745774	0.812258	-0.8824	1.19933
58.8	0.547892	-0.836549	0.708261	-0.956055	1.18982
58.9	0.377928	-0.925835	0.524813	-1.06157	1.18422
59	0.173296	-0.98487	0.251817	-1.16881	1.19563
59.1	-0.0452308	-0.998977	-0.0867601	-1.19462	1.19776
59.2	-0.265397	-0.964139	-0.390023	-1.12056	1.1865
59.3	-0.46374	-0.885971	-0.609109	-1.02333	1.19089
59.4	-0.614365	-0.789022	-0.746357	-0.939282	1.19971
59.5	-0.705625	-0.708585	-0.815965	-0.875394	1.19671
59.6	-0.739454	-0.673207	-0.843105	-0.844252	1.19314
59.7	-0.72013	-0.693839	-0.838922	-0.854738	1.19765
59.8	-0.645973	-0.76336	-0.789948	-0.902181	1.19914
59.9	-0.514892	-0.857255	-0.672434	-0.980465	1.1889
60	-0.33398	-0.94258	-0.47368	-1.0857	1.18453
60.1	-0.123607	-0.992331	-0.18555	-1.1825	1.19697
60.2	0.0953851	-0.99544	0.155378	-1.18623	1.19636
60.3	0.310852	-0.950458	0.445514	-1.09833	1.18525
60.4	0.498949	-0.866631	0.648943	-0.998926	1.19121
60.5	0.636862	-0.770978	0.771327	-0.919029	1.19982
60.6	0.716095	-0.698003	0.827748	-0.863936	1.19647
60.7	0.739369	-0.673301	0.843006	-0.844354	1.19314
60.8	0.709559	-0.704646	0.827017	-0.866521	1.19784
60.9	0.623577	-0.781762	0.765032	-0.92315	1.19895
61	0.480003	-0.877267	0.63282	-1.00629	1.18873
61.1	0.288877	-0.957366	0.418158	-1.10996	1.18612
61.2	0.073482	-0.997297	0.116369	-1.19264	1.19831
61.3	-0.145715	-0.989327	-0.222067	-1.17418	1.19499
61.4	-0.355692	-0.934603	-0.497301	-1.07584	1.18521
61.5	-0.532688	-0.846312	-0.685311	-0.975563	1.19221
61.6	-0.657441	-0.753506	-0.793882	-0.899738	1.19991
61.7	-0.72452	-0.689254	-0.838807	-0.853383	1.1966
61.8	-0.737095	-0.675789	-0.843133	-0.845365	1.19395
61.9	-0.696465	-0.717591	-0.814628	-0.878952	1.19841
62	-0.598441	-0.801167	-0.737736	-0.944684	1.19862
62.1	-0.44271	-0.896665	-0.589144	-1.03289	1.1891
62.2	-0.242323	-0.970196	-0.357524	-1.13369	1.18872
62.3	-0.0227206	-0.999742	-0.0439444	-1.19861	1.19942
62.4	0.196297	-0.980545	0.287157	-1.15871	1.19377
62.5	0.399946	-0.916539	0.545833	-1.05335	1.18637
62.6	0.565092	-0.825028	0.718215	-0.953688	1.19388
62.7	0.676287	-0.736638	0.813561	-0.882089	1.19998
62.8	0.730961	-0.68242	0.848388	-0.844317	1.19693
62.9	0.732422	-0.680851	0.842839	-0.847608	1.19533
63	0.680348	-0.732889	0.801411	-0.892086	1.1992
63.1	0.569932	-0.821692	0.707834	-0.966547	1.19802
63.2	0.402495	-0.915422	0.540955	-1.05974	1.18983
63.3	0.194059	-0.98099	0.291175	-1.15583	1.19194
63.4	-0.0288337	-0.999584	-0.0314407	-1.19957	1.19998
63.5	-0.247028	-0.969008	-0.350531	-1.14014	1.19281
63.6	-0.443345	-0.896351	-0.591173	-1.03106	1.18852
63.7	-0.595929	-0.803037	-0.747482	-0.933543	1.19592
63.8	-0.69323	-0.720716	-0.830003	-0.866638	1.19999
63.9	-0.735218	-0.677831	-0.855802	-0.837391	1.19734
64	-0.724987	-0.688762	-0.841171	-0.851554	1.19696
64.1	-0.660691	-0.750658	-0.78641	-0.906205	1.19985
64.2	-0.53754	-0.843238	-0.674623	-0.988868	1.19707
64.3	-0.359059	-0.933315	-0.487668	-1.08648	1.19091
64.4	-0.144007	-0.989577	-0.218924	-1.17502	1.19524
64.5	0.0811954	-0.996698	0.108654	-1.1948	1.19973
64.6	0.297576	-0.954698	0.41157	-1.11903	1.19232
64.7	0.485356	-0.874316	0.63301	-1.00922	1.19131
64.8	0.624687	-0.780875	0.772849	-0.915218	1.19788
64.9	0.707856	-0.706357	0.843067	-0.853727	1.19984
65	0.736916	-0.675984	0.860639	-0.833123	1.19783
65.1	0.71436	-0.699778	0.837199	-0.857609	1.1985
65.2	0.637073	-0.770804	0.768419	-0.921629	1.19994
65.3	0.501035	-0.865427	0.637176	-1.01194	1.19583
65.4	0.312464	-0.94993	0.428704	-1.11268	1.19241
65.5	0.0923446	-0.995727	0.141278	-1.18965	1.19801
65.6	-0.134152	-0.990961	-0.185865	-1.18416	1.19866
65.7	-0.347359	-0.937732	-0.469361	-1.09621	1.19247
65.8	-0.525275	-0.850933	-0.670802	-0.988125	1.19431
65.9	-0.650741	-0.7593	-0.794084	-0.898773	1.19932
66	-0.719684	-0.694302	-0.8528	-0.843567	1.19953
66.1	-0.735644	-0.677368	-0.862708	-0.831818	1.19841
66.2	-0.700155	-0.713991	-0.830142	-0.865989	1.19961
66.3	-0.609274	-0.79296	-0.746355	-0.938592	1.19917
66.4	-0.460531	-0.887644	-0.59471	-1.03595	1.19452
66.5	-0.263154	-0.964754	-0.36376	-1.13761	1.19435
66.6	-0.0394713	-0.999221	-0.0596514	-1.1982	1.19968
66.7	0.187219	-0.982318	0.260989	-1.16822	1.19701
66.8	0.395578	-0.918432	0.522987	-1.0726	1.19331
66.9	0.562327	-0.826915	0.704017	-0.968067	1.19699
67	0.673507	-0.739181	0.811114	-0.884316	1.19997
67.1	0.728318	-0.685239	0.859332	-0.836353	1.19914
67.2	0.731077	-0.682294	0.86183	-0.833634	1.19904
67.3	0.682139	-0.731222	0.819315	-0.876765	1.2
67.4	0.577336	-0.816507	0.719456	-0.957225	1.19745
67.5	0.416457	-0.909156	0.546827	-1.06082	1.19347
67.6	0.21183	-0.977307	0.293107	-1.16005	1.1965
67.7	-0.0140669	-0.999901	-0.0236767	-1.19967	1.1999
67.8	-0.239671	-0.970854	-0.332184	-1.14817	1.19526
67.9	-0.441336	-0.897342	-0.571752	-1.04897	1.19467
68	-0.595799	-0.803133	-0.732379	-0.949236	1.19893
68.1	-0.692559	-0.721362	-0.824109	-0.872008	1.19981
68.2	-0.733529	-0.679658	-0.862802	-0.832264	1.19879
68.3	-0.723059	-0.690786	-0.857743	-0.838638	1.1996
68.4	-0.660306	-0.750996	-0.804136	-0.889967	1.19945
68.5	-0.541572	-0.840655	-0.687348	-0.977582	1.19504
68.6	-0.369477	-0.92924	-0.493542	-1.08611	1.19299
68.7	-0.159257	-0.987237	-0.217751	-1.17849	1.19844
68.8	0.0676687	-0.997708	0.106049	-1.19399	1.19869
68.9	0.29067	-0.956823	0.398215	-1.12545	1.19382
69	0.483835	-0.875159	0.615325	-1.02586	1.19625
69.1	0.625208	-0.780458	0.756009	-0.931756	1.19988
69.2	0.707733	-0.70648	0.833457	-0.862023	1.19906
69.3	0.735299	-0.677743	0.86332	-0.8314	1.19856
69.4	0.71163	-0.702554	0.850169	-0.8468	1.19994
69.5	0.634878	-0.772613	0.784264	-0.905593	1.19799
69.6	0.502497	-0.864579	0.650055	-0.999585	1.19237
69.7	0.320352	-0.947298	0.435213	-1.11103	1.19323
69.8	0.1061	-0.994356	0.13933	-1.19158	1.19969
69.9	-0.120753	-0.992683	-0.185169	-1.18203	1.19644
70	-0.339441	-0.940627	-0.458589	-1.10126	1.19293
70.1	-0.522539	-0.852615	-0.65381	-1.00351	1.1977
70.2	-0.650395	-0.759597	-0.775397	-0.915719	1.19991
70.3	-0.719143	-0.694862	-0.839629	-0.854496	1.19797
70.4	-0.733804	-0.679361	-0.860943	-0.833749	1.19848
70.5	-0.696998	-0.717073	-0.838898	-0.858014	1.19997
70.6	-0.606225	-0.795293	-0.759659	-0.923582	1.19586
70.7	-0.460701	-0.887555	-0.607891	-1.02296	1.18995
70.8	-0.269791	-0.962919	-0.372444	-1.13456	1.19413
70.9	-0.0528279	-0.998604	-0.0597963	-1.19848	1.19997
71	0.172827	-0.984952	0.259571	-1.16516	1.19372
71.1	0.385423	-0.92274	0.513411	-1.07642	1.19259
71.2	0.557221	-0.830364	0.687703	-0.981937	1.19881
71.3	0.671489	-0.741015	0.791285	-0.901168	1.19926
71.4	0.727082	-0.686551	0.843107	-0.849456	1.19683
71.5	0.729324	-0.684168	0.8557	-0.839182	1.19852
71.6	0.679456	-0.733716	0.823817	-0.872135	1.19971
71.7	0.574764	-0.818319	0.730477	-0.943832	1.19349
71.8	0.416731	-0.90903	0.561234	-1.0473	1.1882
71.9	0.218329	-0.975875	0.305953	-1.15566	1.19547
72	-0.000297798	-1	-0.019006	-1.19912	1.19927
72.1	-0.223565	-0.974689	-0.328642	-1.14486	1.1911
72.2	-0.428366	-0.903605	-0.563121	-1.05139	1.1927
72.3	-0.587958	-0.808891	-0.717725	-0.961077	1.1995
72.4	-0.688811	-0.724941	-0.804534	-0.888061	1.1983
72.5	-0.7319	-0.681413	-0.844424	-0.846756	1.19585
72.6	-0.722126	-0.691762	-0.847715	-0.847413	1.19864
72.7	-0.659265	-0.751911	-0.804941	-0.888945	1.19923
72.8	-0.540842	-0.841124	-0.696908	-0.966197	1.19131
72.9	-0.371018	-0.928626	-0.510304	-1.07215	1.1874
73	-0.16629	-0.986077	-0.236381	-1.17339	1.19697
73.1	0.0531919	-0.998584	0.0957321	-1.19401	1.19784
73.2	0.272841	-0.962059	0.392398	-1.12239	1.18901
73.3	0.46834	-0.883548	0.608231	-1.02648	1.19315
73.4	0.615079	-0.788465	0.744561	-0.940894	1.19986
73.5	0.702781	-0.711407	0.815938	-0.876317	1.19737
73.6	0.733902	-0.679255	0.844175	-0.846108	1.19521
73.7	0.712365	-0.701809	0.837294	-0.857991	1.19884
73.8	0.636547	-0.771238	0.78242	-0.908063	1.19865
73.9	0.504652	-0.863323	0.659074	-0.99042	1.18967
74	0.323837	-0.946113	0.455066	-1.09704	1.18768
74.1	0.113815	-0.993502	0.164169	-1.18706	1.19836
74.2	-0.105869	-0.99438	-0.169682	-1.18393	1.19602
74.3	-0.320676	-0.947189	-0.451207	-1.09872	1.18776
74.4	-0.505611	-0.862762	-0.649161	-1.00202	1.19393
74.5	-0.639029	-0.769183	-0.768631	-0.921509	1.19999
74.6	-0.713806	-0.700344	-0.825992	-0.865916	1.19669
74.7	-0.733282	-0.679925	-0.842853	-0.847239	1.19508
74.8	-0.700021	-0.714122	-0.82481	-0.870416	1.19914
74.9	-0.611211	-0.791467	-0.756439	-0.928977	1.198
75	-0.466183	-0.884689	-0.616953	-1.0161	1.18873
75.1	-0.275301	-0.961358	-0.395248	-1.1214	1.18901
75.2	-0.0609216	-0.998143	-0.0896124	-1.19607	1.19943
75.3	0.158357	-0.987382	0.240638	-1.16967	1.19417
75.4	0.36712	-0.930174	0.505533	-1.07454	1.18752
75.5	0.540451	-0.841375	0.686163	-0.978372	1.195
75.6	0.660197	-0.751093	0.790027	-0.903225	1.19998
75.7	0.722174	-0.691712	0.83478	-0.856999	1.19637
75.8	0.730072	-0.68337	0.840638	-0.850029	1.1955
75.9	0.684889	-0.728647	0.810464	-0.88431	1.19952
76	0.58298	-0.812486	0.727061	-0.951197	1.19724
76.1	0.425265	-0.905069	0.570344	-1.04274	1.18852
76.2	0.225407	-0.974265	0.330472	-1.14445	1.1912
76.3	0.00756054	-0.999971	0.013082	-1.1999	1.19997
76.4	-0.210628	-0.977566	-0.308546	-1.15196	1.19256
76.5	-0.412135	-0.911123	-0.555723	-1.05034	1.1883
76.6	-0.57299	-0.819562	-0.719323	-0.955896	1.19631
76.7	-0.678794	-0.734328	-0.808633	-0.886453	1.19987
76.8	-0.72799	-0.685588	-0.842069	-0.849862	1.19639
76.9	-0.72414	-0.689653	-0.837321	-0.854547	1.19639
77	-0.66663	-0.745389	-0.794089	-0.899513	1.19988
77.1	-0.551482	-0.834187	-0.694087	-0.974414	1.19634
77.2	-0.381687	-0.924292	-0.518873	-1.06982	1.18901
77.3	-0.174126	-0.984723	-0.26045	-1.16513	1.19389
77.4	0.0463075	-0.998927	0.0647301	-1.19808	1.19982
77.5	0.262535	-0.964922	0.373267	-1.13147	1.19145
77.6	0.455539	-0.890216	0.601907	-1.02651	1.18996
77.7	0.603163	-0.797618	0.748605	-0.934901	1.19768
77.8	0.694826	-0.719178	0.824294	-0.871618	1.19966
77.9	0.731177	-0.682188	0.847513	-0.844871	1.1967
78	0.715221	-0.698899	0.832415	-0.860965	1.19757
78.1	0.644851	-0.764309	0.775159	-0.916031	1.19999
78.2	0.516385	-0.856356	0.657063	-0.998517	1.19531
78.3	0.33534	-0.942097	0.462055	-1.09683	1.19018
78.4	0.121488	-0.992593	0.185221	-1.18217	1.19659
78.5	-0.100637	-0.994923	-0.142721	-1.19045	1.19897
78.6	-0.313779	-0.949496	-0.434484	-1.10896	1.19104
78.7	-0.496999	-0.867751	-0.643977	-1.00339	1.19226
78.8	-0.630742	-0.775993	-0.773911	-0.915645	1.19889
78.9	-0.70814	-0.706072	-0.836914	-0.859099	1.19936
79	-0.731527	-0.681813	-0.850786	-0.842365	1.19725
79.1	-0.702977	-0.711212	-0.8253	-0.869444	1.19877
79.2	-0.619195	-0.785237	-0.75294	-0.933939	1.19965
79.3	-0.477505	-0.878629	-0.615403	-1.02349	1.19426
79.4	-0.286312	-0.958136	-0.399423	-1.12308	1.19199
79.5	-0.0676325	-0.99771	-0.1054	-1.19411	1.19875
79.6	0.155222	-0.98788	0.219479	-1.17728	1.19756
79.7	0.363874	-0.931448	0.491751	-1.08523	1.19144
79.8	0.53605	-0.844187	0.681666	-0.981284	1.19482
79.9	0.655396	-0.755285	0.795142	-0.898362	1.19971
80	0.718502	-0.695525	0.846455	-0.849239	1.19904
80.1	0.728768	-0.68476	0.851574	-0.842617	1.19799
80.2	0.687072	-0.726589	0.815283	-0.880088	1.19968
80.3	0.589422	-0.807825	0.726657	-0.953313	1.19868
80.4	0.434874	-0.900491	0.568561	-1.04925	1.19339
80.5	0.234927	-0.972013	0.330762	-1.14756	1.19427
80.6	0.0128268	-0.999918	0.0223724	-1.19969	1.1999
80.7	-0.209646	-0.977777	-0.293491	-1.15935	1.19593
80.8	-0.41216	-0.911111	-0.544569	-1.061	1.1926
80.9	-0.572124	-0.820167	-0.714688	-0.960437	1.19717
81	-0.676749	-0.736214	-0.812301	-0.883271	1.2
81.1	-0.725654	-0.68806	-0.852923	-0.842341	1.19876
81.2	-0.722631	-0.691234	-0.849517	-0.84583	1.19879
81.3	-0.667255	-0.744829	-0.80162	-0.892971	1.2
81.4	-0.555486	-0.831526	-0.695613	-0.97423	1.19708
81.5	-0.388779	-0.921331	-0.516152	-1.07553	1.19297
81.6	-0.181685	-0.983357	-0.256363	-1.16889	1.19667
81.7	0.0425485	-0.999094	0.0617552	-1.19817	1.19976
81.8	0.263295	-0.964715	0.363398	-1.13786	1.19448
81.9	0.457899	-0.889004	0.592485	-1.03695	1.19428
82	0.604662	-0.796482	0.742903	-0.941014	1.19892
82.1	0.694476	-0.719516	0.825563	-0.870567	1.19977
82.2	0.729389	-0.684099	0.85637	-0.838617	1.1986
82.3	0.712917	-0.701248	0.844238	-0.852095	1.1995
82.4	0.64343	-0.765505	0.783629	-0.908138	1.1995
82.5	0.517574	-0.855638	0.659325	-0.996729	1.19506
82.6	0.339738	-0.94052	0.458023	-1.10179	1.1932
82.7	0.127172	-0.991881	0.177193	-1.18552	1.19869
82.8	-0.0980166	-0.995185	-0.14459	-1.18969	1.19844
82.9	-0.315437	-0.948946	-0.428227	-1.11411	1.19357
83	-0.500411	-0.865788	-0.635213	-1.01353	1.19614
83.1	-0.633254	-0.773944	-0.766413	-0.923171	1.19985
83.2	-0.708411	-0.7058	-0.835245	-0.860439	1.19916
83.3	-0.729616	-0.683857	-0.856852	-0.838166	1.19863
83.4	-0.699549	-0.714585	-0.835391	-0.861374	1.19993
83.5	-0.615683	-0.787994	-0.760852	-0.925566	1.19815
83.6	-0.476075	-0.879405	-0.61762	-1.0207	1.19302
83.7	-0.288411	-0.957507	-0.394324	-1.12716	1.19415
83.8	-0.0719465	-0.997408	-0.0948804	-1.19609	1.19985
83.9	0.153032	-0.988221	0.224051	-1.17519	1.19635
84	0.365332	-0.930877	0.487509	-1.08922	1.19334
84.1	0.539179	-0.842191	0.67274	-0.991058	1.19782
84.2	0.657711	-0.753271	0.785555	-0.907075	1.19995
84.3	0.718579	-0.695445	0.841687	-0.853067	1.1984
84.4	0.726375	-0.687299	0.854348	-0.840996	1.19883
84.5	0.682583	-0.730808	0.82267	-0.873551	1.19995
84.6	0.584248	-0.811576	0.733092	-0.945162	1.19614
84.7	0.43149	-0.902118	0.570595	-1.04582	1.19135
84.8	0.23547	-0.971882	0.325544	-1.15045	1.19562
84.9	0.0164744	-0.999864	0.0114882	-1.1998	1.19986
85	-0.207037	-0.978333	-0.298731	-1.15608	1.19405
85.1	-0.412357	-0.911022	-0.541208	-1.06398	1.19372
85.2	-0.573895	-0.818929	-0.705361	-0.969649	1.19906
85.3	-0.678049	-0.735016	-0.800863	-0.892867	1.19941
85.4	-0.725135	-0.688607	-0.8452	-0.848558	1.19767
85.5	-0.719794	-0.694187	-0.84877	-0.847044	1.19912
85.6	-0.662173	-0.749351	-0.805822	-0.888509	1.1995
85.7	-0.549448	-0.835528	-0.70033	-0.966808	1.19381
85.8	-0.384348	-0.923188	-0.518464	-1.07156	1.19039
85.9	-0.181474	-0.983396	-0.252483	-1.17037	1.19729
86	0.038903	-0.999243	0.0709045	-1.19667	1.19876
86.1	0.25955	-0.96573	0.367945	-1.13381	1.19202
86.2	0.456122	-0.889917	0.589571	-1.03888	1.19452
86.3	0.604495	-0.796609	0.733611	-0.949348	1.19977
86.4	0.694459	-0.719532	0.812993	-0.880621	1.19852
86.5	0.728301	-0.685258	0.846118	-0.846872	1.19712
86.6	0.710031	-0.704171	0.840072	-0.856123	1.19944
86.7	0.638508	-0.769615	0.784718	-0.90608	1.19865
86.8	0.511626	-0.859208	0.662645	-0.990332	1.19158
86.9	0.335145	-0.942166	0.461408	-1.09727	1.19034
87	0.126819	-0.991926	0.176118	-1.18575	1.19876
87.1	-0.0939496	-0.995577	-0.150653	-1.18737	1.19689
87.2	-0.310227	-0.950662	-0.431591	-1.10963	1.19061
87.3	-0.496497	-0.868038	-0.632983	-1.01423	1.19554
87.4	-0.631148	-0.775663	-0.75809	-0.930213	1.2
87.5	-0.70724	-0.706973	-0.822579	-0.870365	1.19757
87.6	-0.728301	-0.685257	-0.844784	-0.847836	1.19686
87.7	-0.697199	-0.716878	-0.828309	-0.867908	1.19973
87.8	-0.61173	-0.791066	-0.759362	-0.925992	1.19754
87.9	-0.471063	-0.882099	-0.620127	-1.01544	1.18982
88	-0.28429	-0.958738	-0.399521	-1.12221	1.1912
88.1	-0.071743	-0.997423	-0.0974823	-1.19576	1.19973
88.2	0.148491	-0.988914	0.226741	-1.17297	1.19468
88.3	0.358851	-0.933395	0.489903	-1.08448	1.19
88.4	0.533534	-0.845778	0.671833	-0.990255	1.19665
88.5	0.654135	-0.756378	0.7793	-0.912371	1.19989
88.6	0.716703	-0.697379	0.830079	-0.862139	1.19679
88.7	0.72529	-0.688443	0.841453	-0.85125	1.19694
88.8	0.681315	-0.73199	0.813552	-0.882035	1.19994
88.9	0.581874	-0.813279	0.729791	-0.947892	1.19628
89	0.427935	-0.903809	0.572784	-1.04172	1.18881
89.1	0.232074	-0.972698	0.332843	-1.14546	1.19284
89.2	0.0163701	-0.999866	0.017627	-1.19986	1.19999
89.3	-0.202373	-0.979309	-0.298672	-1.1546	1.1926
89.4	-0.405283	-0.914191	-0.543219	-1.05901	1.19021
89.5	-0.567344	-0.823481	-0.706439	-0.967191	1.19771
89.6	-0.673732	-0.738976	-0.797579	-0.896017	1.19957
89.7	-0.72307	-0.690775	-0.835737	-0.85602	1.19634
89.8	-0.719302	-0.694698	-0.83622	-0.856964	1.19735
89.9	-0.662278	-0.749258	-0.795763	-0.898194	1.2
90	-0.54887	-0.835908	-0.695938	-0.971448	1.19501
90.1	-0.382332	-0.924025	-0.520466	-1.06866	1.18866
90.2	-0.178683	-0.983907	-0.261434	-1.16598	1.19493
90.3	0.0392399	-0.99923	0.0623831	-1.19789	1.19951
90.4	0.255428	-0.966828	0.366248	-1.13332	1.19103
90.5	0.449417	-0.893322	0.591811	-1.03376	1.19118
90.6	0.598028	-0.801475	0.737017	-0.945288	1.19865
90.7	0.690139	-0.723677	0.813126	-0.881392	1.19918
90.8	0.726443	-0.687227	0.839635	-0.852113	1.19628
90.9	0.710238	-0.703962	0.829022	-0.864867	1.19803
91	0.639884	-0.768472	0.774767	-0.916142	1.19982
91.1	0.512591	-0.858633	0.657596	-0.996378	1.19382
91.2	0.334318	-0.94246	0.462867	-1.09568	1.18943
91.3	0.124243	-0.992252	0.185498	-1.18264	1.1971
91.4	-0.0950231	-0.995475	-0.141493	-1.19	1.19838
91.5	-0.307442	-0.951567	-0.429398	-1.11008	1.19024
91.6	-0.491136	-0.871083	-0.635821	-1.00916	1.19276
91.7	-0.625644	-0.780108	-0.763666	-0.92485	1.19939
91.8	-0.703465	-0.71073	-0.826011	-0.868788	1.19879
91.9	-0.726801	-0.686848	-0.841707	-0.850545	1.19662
92	-0.697891	-0.716204	-0.819647	-0.874872	1.19884
92.1	-0.613863	-0.789412	-0.750259	-0.935687	1.19933
92.2	-0.472904	-0.881114	-0.614447	-1.02241	1.19284
92.3	-0.283998	-0.958825	-0.399614	-1.12202	1.19106
92.4	-0.0688671	-0.997626	-0.10556	-1.19423	1.19889
92.5	0.150836	-0.988559	0.218672	-1.1767	1.19685
92.6	0.3581	-0.933683	0.488059	-1.0857	1.19036
92.7	0.530247	-0.847843	0.675254	-0.985586	1.19472
92.8	0.650162	-0.759796	0.786399	-0.906217	1.19986
92.9	0.713717	-0.700435	0.836188	-0.858551	1.19847
93	0.724017	-0.689782	0.841722	-0.851478	1.19729
93.1	0.68198	-0.731371	0.807684	-0.886929	1.19958
93.2	0.583948	-0.811791	0.721803	-0.956691	1.19844
93.3	0.429749	-0.902948	0.566114	-1.04925	1.19223
93.4	0.231562	-0.97282	0.330454	-1.14666	1.19333
93.5	0.0127049	-0.999919	0.0226773	-1.19967	1.19988
93.6	-0.206393	-0.978469	-0.292908	-1.15879	1.19523
93.7	-0.40695	-0.913451	-0.542098	-1.06088	1.19136
93.8	-0.566436	-0.824106	-0.710027	-0.963323	1.19672
93.9	-0.671439	-0.74106	-0.805225	-0.889725	1.2
94	-0.720795	-0.693149	-0.843555	-0.851041	1.19827
94.1	-0.717884	-0.696163	-0.839282	-0.855105	1.19816
94.2	-0.662213	-0.749316	-0.79251	-0.901048	1.19998
94.3	-0.549954	-0.835195	-0.688846	-0.979101	1.19714
94.4	-0.38321	-0.923661	-0.51221	-1.0765	1.19214
94.5	-0.177307	-0.984156	-0.255481	-1.16824	1.19585
94.6	0.044024	-0.99903	0.0614916	-1.19827	1.19984
94.7	0.261248	-0.965272	0.363232	-1.13732	1.19391
94.8	0.453435	-0.891289	0.591291	-1.03619	1.19303
94.9	0.599311	-0.800517	0.740073	-0.942594	1.19841
95	0.689262	-0.724512	0.82024	-0.875657	1.19982
95.1	0.724529	-0.689244	0.848034	-0.846555	1.19826
95.2	0.70816	-0.706052	0.833921	-0.861564	1.19905
95.3	0.638363	-0.769735	0.773399	-0.917266	1.1998
95.4	0.511863	-0.859067	0.650817	-1.00291	1.19557
95.5	0.333576	-0.942723	0.452409	-1.10359	1.19272
95.6	0.121623	-0.992576	0.175347	-1.18523	1.19813
95.7	-0.100995	-0.994887	-0.144914	-1.19001	1.1988
95.8	-0.314809	-0.949155	-0.428827	-1.11347	1.19319
95.9	-0.496978	-0.867763	-0.635392	-1.01213	1.19504
96	-0.628502	-0.777808	-0.765415	-0.923598	1.19954
96.1	-0.703445	-0.71075	-0.831641	-0.864261	1.19941
96.2	-0.724755	-0.689006	-0.849584	-0.845269	1.19845
96.3	-0.694639	-0.719358	-0.825183	-0.870878	1.19973
96.4	-0.610328	-0.792149	-0.749713	-0.935578	1.19891
96.5	-0.469856	-0.882743	-0.60729	-1.02804	1.19402
96.6	-0.281333	-0.95961	-0.386581	-1.12968	1.19399
96.7	-0.0649545	-0.997888	-0.0913833	-1.19613	1.19962
96.8	0.157755	-0.987478	0.225608	-1.17562	1.19707
96.9	0.366393	-0.93046	0.489139	-1.08836	1.19323
97	0.537044	-0.843554	0.674242	-0.989076	1.19703
97.1	0.653739	-0.75672	0.786209	-0.906559	1.19999
97.2	0.713885	-0.700263	0.839647	-0.855775	1.1989
97.3	0.72136	-0.692561	0.848108	-0.84727	1.19881
97.4	0.677193	-0.735805	0.812619	-0.882978	1.2
97.5	0.57815	-0.81593	0.720994	-0.955914	1.19733
97.6	0.424288	-0.905527	0.558062	-1.0542	1.1928
97.7	0.227076	-0.973877	0.314957	-1.15353	1.19576
97.8	0.00774745	-0.99997	0.0055481	-1.19996	1.19997
97.9	-0.213737	-0.976891	-0.301997	-1.15636	1.19515
98	-0.415307	-0.909681	-0.543889	-1.06287	1.19395
98.1	-0.573192	-0.819421	-0.707877	-0.967273	1.19863
98.2	-0.674874	-0.737933	-0.802767	-0.891697	1.19982
98.3	-0.720568	-0.693384	-0.844447	-0.8504	1.19845
98.4	-0.714297	-0.699842	-0.843417	-0.852578	1.19927
98.5	-0.655804	-0.754931	-0.795785	-0.897779	1.1997
98.6	-0.542021	-0.840365	-0.686961	-0.978178	1.1953
98.7	-0.375642	-0.926765	-0.503116	-1.08088	1.19223
98.8	-0.171407	-0.9852	-0.238244	-1.1737	1.19764
98.9	0.0495731	-0.99877	0.0798921	-1.19646	1.19912
99	0.268329	-0.963327	0.373074	-1.1337	1.19351
99.1	0.460968	-0.887417	0.59304	-1.03761	1.19513
99.2	0.605149	-0.796112	0.736565	-0.946876	1.19963
99.3	0.691905	-0.721989	0.815541	-0.879196	1.1992
99.4	0.723557	-0.690265	0.846226	-0.848228	1.19816
99.5	0.703586	-0.710611	0.835302	-0.861112	1.19968
99.6	0.630556	-0.776143	0.774335	-0.915168	1.1988
99.7	0.502251	-0.864722	0.647498	-1.00221	1.19318
99.8	0.324474	-0.945895	0.442555	-1.10732	1.19248
99.9	0.11484	-0.993384	0.157607	-1.18876	1.19916
100	-0.10661	-0.994301	-0.162866	-1.18623	1.19735
