0	0.707107	-0.707107	0.880312	-0.807107	1.19431
0.1	0.766389	-0.642376	0.940372	-0.741018	1.19725
0.2	0.793696	-0.608315	0.947309	-0.736389	1.19986
0.3	0.769048	-0.639191	0.903964	-0.786832	1.19844
0.4	0.674409	-0.738358	0.813172	-0.882388	1.19994
0.5	0.52288	-0.852406	0.653716	-1.00367	1.19779
0.6	0.350168	-0.936687	0.418579	-1.12462	1.19999
0.7	0.122199	-0.992506	0.131335	-1.1923	1.19951
0.8	-0.148349	-0.988935	-0.167501	-1.18802	1.19977
0.9	-0.374854	-0.927084	-0.449104	-1.11279	1.2
1	-0.552278	-0.83366	-0.674054	-0.992312	1.1996
1.1	-0.684492	-0.72902	-0.826282	-0.870072	1.1999
1.2	-0.761336	-0.648357	-0.912927	-0.778819	1.2
1.3	-0.785202	-0.61924	-0.94547	-0.738882	1.19994
1.4	-0.764223	-0.644953	-0.928225	-0.759422	1.1993
1.5	-0.703115	-0.711076	-0.85733	-0.838425	1.19915
1.6	-0.600165	-0.799876	-0.722147	-0.95837	1.19999
1.7	-0.436505	-0.899702	-0.517418	-1.0826	1.1999
1.8	-0.20698	-0.978345	-0.253836	-1.17278	1.19993
1.9	0.0417133	-0.99913	0.0475259	-1.19905	1.19999
2	0.281137	-0.959668	0.342996	-1.14986	1.19993
2.1	0.490439	-0.871475	0.590419	-1.04469	1.19999
2.2	0.641877	-0.766808	0.771295	-0.91929	1.2
2.3	0.732568	-0.680694	0.884511	-0.810745	1.19986
2.4	0.774106	-0.633056	0.938003	-0.747676	1.19953
2.5	0.775027	-0.631928	0.93999	-0.745008	1.19942
2.6	0.736275	-0.676682	0.890885	-0.803552	1.19974
2.7	0.650734	-0.759305	0.7826	-0.909676	1.19999
2.8	0.505543	-0.862801	0.606914	-1.03521	1.2
2.9	0.300391	-0.953816	0.364342	-1.14332	1.19997
3	0.059697	-0.998217	0.0722038	-1.19783	1.2
3.1	-0.189768	-0.981829	-0.230223	-1.17769	1.19999
3.2	-0.415417	-0.909631	-0.499818	-1.09095	1.2
3.3	-0.588356	-0.808602	-0.708588	-0.968428	1.19998
3.4	-0.702131	-0.712048	-0.847727	-0.849167	1.19989
3.5	-0.763603	-0.645686	-0.923162	-0.766272	1.19975
3.6	-0.780722	-0.624878	-0.944668	-0.739428	1.19965
3.7	-0.756804	-0.653642	-0.916162	-0.774493	1.19966
3.8	-0.688933	-0.724825	-0.832416	-0.864154	1.19987
3.9	-0.568495	-0.822686	-0.683413	-0.986375	1.2
4	-0.386993	-0.922083	-0.465365	-1.10609	1.2
4.1	-0.155628	-0.987816	-0.189235	-1.18497	1.19999
4.2	0.0945462	-0.99552	0.11439	-1.19453	1.2
4.3	0.332489	-0.943107	0.401349	-1.13088	1.19999
4.4	0.527995	-0.849248	0.635731	-1.01775	1.19999
4.5	0.664938	-0.746898	0.801606	-0.892918	1.19995
4.6	0.745536	-0.666466	0.900549	-0.792842	1.19983
4.7	0.778674	-0.627429	0.942099	-0.742721	1.19966
4.8	0.770419	-0.637538	0.933149	-0.753809	1.19958
4.9	0.720583	-0.693369	0.871944	-0.824097	1.19976
5	0.622395	-0.782703	0.749252	-0.937323	1.19998
5.1	0.464724	-0.885456	0.557734	-1.06251	1.2
5.2	0.249154	-0.968464	0.301907	-1.16138	1.19998
5.3	0.00295991	-0.999996	0.00404936	-1.19999	1.2
5.4	-0.243327	-0.969944	-0.294481	-1.16329	1.19999
5.5	-0.458569	-0.888659	-0.552184	-1.0654	1.19999
5.6	-0.618697	-0.78563	-0.745264	-0.940487	1.19997
5.7	-0.720062	-0.69391	-0.869272	-0.827088	1.19988
5.8	-0.770646	-0.637264	-0.931946	-0.755511	1.19972
5.9	-0.778232	-0.627977	-0.942272	-0.742392	1.19959
6	-0.745058	-0.666999	-0.90215	-0.790782	1.19967
6.1	-0.666798	-0.745239	-0.804596	-0.890192	1.19992
6.2	-0.533225	-0.845974	-0.640087	-1.01503	1.2
6.3	-0.338177	-0.941082	-0.40773	-1.1286	1.19999
6.4	-0.100079	-0.99498	-0.122194	-1.19375	1.19999
6.5	0.14966	-0.988738	0.181461	-1.18619	1.19999
6.6	0.38061	-0.924736	0.458897	-1.10878	1.19999
6.7	0.563581	-0.826061	0.678509	-0.989742	1.19998
6.8	0.687117	-0.726546	0.828807	-0.867699	1.19993
6.9	0.756302	-0.654223	0.914023	-0.777203	1.19978
7	0.779934	-0.625862	0.943919	-0.740356	1.19963
7.1	0.762693	-0.646761	0.923743	-0.765348	1.19961
7.2	0.70282	-0.711368	0.849686	-0.847126	1.19983
7.3	0.592128	-0.805844	0.711929	-0.965993	1.19999
7.4	0.420406	-0.907336	0.505138	-1.0885	1.2
7.5	0.195293	-0.980745	0.237284	-1.17629	1.19998
7.6	-0.0533439	-0.998576	-0.0645479	-1.19826	1.2
7.7	-0.295344	-0.955391	-0.356855	-1.1457	1.19999
7.8	-0.499461	-0.866337	-0.601261	-1.03849	1.19999
7.9	-0.646016	-0.763324	-0.77856	-0.913098	1.19996
8	-0.735155	-0.677899	-0.887871	-0.807042	1.19985
8.1	-0.775554	-0.631281	-0.938154	-0.747734	1.19968
8.2	-0.773994	-0.633192	-0.937304	-0.748648	1.19959
8.3	-0.731257	-0.682102	-0.885111	-0.809887	1.19972
8.4	-0.641589	-0.767048	-0.773175	-0.917665	1.19996
8.5	-0.494156	-0.869373	-0.593037	-1.04322	1.2
8.6	-0.286927	-0.957952	-0.346859	-1.14876	1.19999
8.7	-0.0437153	-0.999044	-0.0536672	-1.1988	1.2
8.8	0.204416	-0.978884	0.247585	-1.17417	1.19999
8.9	0.426565	-0.904457	0.51388	-1.08439	1.19999
9	0.596283	-0.802775	0.718092	-0.961401	1.19998
9.1	0.706772	-0.707442	0.852927	-0.843965	1.1999
9.2	0.764975	-0.64406	0.924835	-0.764247	1.19975
9.3	0.779189	-0.626789	0.943267	-0.74115	1.19961
9.4	0.752701	-0.658363	0.911566	-0.779861	1.19964
9.5	0.682278	-0.731093	0.824007	-0.872206	1.19989
9.6	0.558483	-0.829516	0.67075	-0.995034	1.2
9.7	0.373004	-0.92783	0.448966	-1.11284	1.2
9.8	0.139858	-0.990172	0.170421	-1.18782	1.19999
9.9	-0.109736	-0.993961	-0.133083	-1.19259	1.2
10	-0.34569	-0.938349	-0.417137	-1.12515	1.19999
10.1	-0.537625	-0.843184	-0.647184	-1.01051	1.19999
10.2	-0.670601	-0.741818	-0.80859	-0.886591	1.19994
10.3	-0.747882	-0.663832	-0.903611	-0.789325	1.19981
10.4	-0.778362	-0.627815	-0.941839	-0.743034	1.19965
10.5	-0.767632	-0.64089	-0.929707	-0.758074	1.1996
10.6	-0.714984	-0.699141	-0.864879	-0.831548	1.19979
10.7	-0.613225	-0.789908	-0.737972	-0.946235	1.19999
10.8	-0.451595	-0.892223	-0.54221	-1.07052	1.2
10.9	-0.233475	-0.972363	-0.283077	-1.16611	1.19998
11	0.0132591	-0.999912	0.0157401	-1.1999	1.2
11.1	0.258187	-0.966095	0.312272	-1.15864	1.19999
11.2	0.470045	-0.882643	0.56596	-1.05814	1.19999
11.3	0.626116	-0.77973	0.754334	-0.933223	1.19997
11.4	0.723879	-0.689927	0.873985	-0.822094	1.19987
11.5	0.771474	-0.636261	0.933009	-0.754187	1.19971
11.6	0.776373	-0.630274	0.940065	-0.745186	1.19959
11.7	0.740395	-0.672172	0.89643	-0.797284	1.19969
11.8	0.658831	-0.752291	0.794706	-0.899049	1.19994
11.9	0.521291	-0.853379	0.625681	-1.02397	1.2
12	0.322735	-0.946489	0.389389	-1.13506	1.19999
12.1	0.0832481	-0.996529	0.101762	-1.19567	1.19999
12.2	-0.165824	-0.986155	-0.201003	-1.18304	1.19999
12.3	-0.394014	-0.919105	-0.47494	-1.102	1.19999
12.4	-0.572919	-0.819612	-0.689803	-0.981902	1.19998
12.5	-0.692464	-0.721452	-0.835374	-0.861369	1.19992
12.6	-0.758304	-0.651902	-0.916547	-0.774209	1.19977
12.7	-0.779087	-0.626916	-0.942981	-0.741541	1.19962
12.8	-0.759069	-0.651011	-0.919344	-0.770643	1.19962
12.9	-0.696051	-0.717993	-0.841251	-0.855532	1.19985
13	-0.581477	-0.813563	-0.698875	-0.975481	1.2
13.1	-0.405662	-0.914023	-0.48766	-1.09644	1.2
13.2	-0.178208	-0.983993	-0.216713	-1.18025	1.19998
13.3	0.0705379	-0.997509	0.0854649	-1.19695	1.2
13.4	0.310548	-0.950558	0.375067	-1.13986	1.19999
13.5	0.51081	-0.859694	0.614906	-1.03047	1.19999
13.6	0.653085	-0.757285	0.7872	-0.905653	1.19995
13.7	0.738506	-0.674247	0.892037	-0.802419	1.19984
13.8	0.775817	-0.630958	0.938567	-0.747202	1.19967
13.9	0.771419	-0.636327	0.934225	-0.752492	1.19959
14	0.725631	-0.688084	0.878144	-0.817467	1.19975
14.1	0.632268	-0.77475	0.761615	-0.927293	1.19997
14.2	0.480503	-0.876993	0.576708	-1.05233	1.2
14.3	0.269951	-0.962874	0.326629	-1.15467	1.19998
14.4	0.025788	-0.999667	0.0318307	-1.19958	1.2
14.5	-0.221181	-0.975233	-0.267772	-1.16973	1.19999
14.6	-0.439969	-0.898013	-0.529929	-1.07664	1.19999
14.7	-0.605268	-0.796021	-0.729007	-0.953148	1.19998
14.8	-0.711651	-0.702533	-0.858948	-0.837824	1.19989
14.9	-0.766451	-0.642302	-0.926725	-0.761937	1.19974
15	-0.777696	-0.62864	-0.941531	-0.743349	1.1996
15.1	-0.748199	-0.663474	-0.906051	-0.786286	1.19966
15.2	-0.674269	-0.738485	-0.814024	-0.881555	1.19991
15.3	-0.546171	-0.837673	-0.655807	-1.00495	1.2
15.4	-0.356576	-0.934266	-0.429502	-1.1205	1.19999
15.5	-0.121503	-0.992591	-0.148188	-1.1908	1.19999
15.6	0.127756	-0.991806	0.154928	-1.18995	1.19999
15.7	0.361079	-0.932535	0.435548	-1.11815	1.19999
15.8	0.548685	-0.836029	0.660531	-1.00183	1.19999
15.9	0.677208	-0.735792	0.816691	-0.879125	1.19994
16	0.750712	-0.66063	0.907146	-0.785242	1.1998
16.1	0.778011	-0.628251	0.941507	-0.743442	1.19964
16.2	0.764253	-0.644916	0.925627	-0.763062	1.1996
16.3	0.708246	-0.705966	0.8565	-0.840207	1.19981
16.4	0.602367	-0.79822	0.724592	-0.956526	1.19999
16.5	0.436162	-0.899868	0.523862	-1.07961	1.2
16.6	0.215043	-0.976605	0.260981	-1.17126	1.19998
16.7	-0.0321984	-0.999481	-0.0388062	-1.19937	1.2
16.8	-0.275366	-0.96134	-0.332889	-1.15289	1.19999
16.9	-0.483269	-0.875472	-0.581828	-1.0495	1.19999
17	-0.634648	-0.772801	-0.764732	-0.924716	1.19996
17.1	-0.728225	-0.685338	-0.879367	-0.81632	1.19986
17.2	-0.772353	-0.635193	-0.93418	-0.752718	1.1997
17.3	-0.774139	-0.633016	-0.93742	-0.748512	1.19959
17.4	-0.734893	-0.678183	-0.889643	-0.804881	1.19971
17.5	-0.64943	-0.760422	-0.783008	-0.909273	1.19995
17.6	-0.507197	-0.86183	-0.608729	-1.03414	1.2
17.7	-0.304659	-0.952461	-0.367919	-1.14219	1.19999
17.8	-0.0637131	-0.997968	-0.078002	-1.19746	1.19999
17.9	0.184499	-0.982833	0.223552	-1.17898	1.19999
18	0.409389	-0.91236	0.493334	-1.09389	1.19999
18.1	0.583556	-0.812073	0.702689	-0.97272	1.19998
18.2	0.698524	-0.715587	0.84283	-0.854063	1.19991
18.3	0.760541	-0.64929	0.919368	-0.770838	1.19976
18.4	0.778042	-0.628212	0.941803	-0.743027	1.19962
18.5	0.754782	-0.655975	0.91412	-0.776853	1.19963
18.6	0.688059	-0.725655	0.831289	-0.865244	1.19987
18.7	0.56892	-0.822393	0.683535	-0.986294	1.2
18.8	0.388422	-0.921482	0.467227	-1.1053	1.2
18.9	0.158412	-0.987373	0.192827	-1.18439	1.19998
19	-0.09036	-0.995909	-0.109551	-1.19499	1.2
19.1	-0.327936	-0.9447	-0.395887	-1.1328	1.19999
19.2	-0.523688	-0.85191	-0.630409	-1.02106	1.19999
19.3	-0.661065	-0.750329	-0.796961	-0.897068	1.19995
19.4	-0.742253	-0.670119	-0.896696	-0.797192	1.19982
19.5	-0.776029	-0.630697	-0.93893	-0.746728	1.19966
19.6	-0.768349	-0.640031	-0.930544	-0.757047	1.1996
19.7	-0.718999	-0.695011	-0.869917	-0.82625	1.19977
19.8	-0.621305	-0.783569	-0.74804	-0.938289	1.19998
19.9	-0.464533	-0.885556	-0.557648	-1.06256	1.2
20	-0.250299	-0.968169	-0.30317	-1.16105	1.19998
20.1	-0.00517701	-0.999987	-0.00672114	-1.19998	1.2
20.2	0.240317	-0.970694	0.290791	-1.16422	1.19999
20.3	0.455136	-0.890422	0.548098	-1.0675	1.19999
20.4	0.615365	-0.788242	0.741283	-0.943628	1.19997
20.5	0.717091	-0.69698	0.865664	-0.830868	1.19988
20.6	0.768028	-0.640416	0.92875	-0.759447	1.19972
20.7	0.775871	-0.630892	0.939399	-0.746038	1.1996
20.8	0.742889	-0.669414	0.899528	-0.79377	1.19968
20.9	0.664866	-0.746962	0.802303	-0.892259	1.19992
21	0.531769	-0.84689	0.638378	-1.01611	1.2
21.1	0.337554	-0.941306	0.40695	-1.12888	1.19999
21.2	0.100445	-0.994943	0.122639	-1.19371	1.19999
21.3	-0.148297	-0.988943	-0.179796	-1.18645	1.19999
21.4	-0.37846	-0.925618	-0.456339	-1.10983	1.19999
21.5	-0.561069	-0.827769	-0.675494	-0.991802	1.19998
21.6	-0.68455	-0.728966	-0.825702	-0.870656	1.19993
21.7	-0.753795	-0.65711	-0.911002	-0.780746	1.19979
21.8	-0.777482	-0.628905	-0.940969	-0.74411	1.19963
21.9	-0.760246	-0.649636	-0.920771	-0.768931	1.19961
22	-0.700341	-0.713808	-0.846658	-0.850159	1.19983
22.1	-0.589669	-0.807645	-0.708989	-0.968153	1.19999
22.2	-0.418267	-0.908324	-0.502617	-1.08967	1.2
22.3	-0.193916	-0.981018	-0.235597	-1.17663	1.19998
22.4	0.0537585	-0.998554	0.0650479	-1.19824	1.2
22.5	0.294749	-0.955575	0.356132	-1.14592	1.19999
22.6	0.498043	-0.867152	0.599573	-1.03946	1.19999
22.7	0.644103	-0.764939	0.776268	-0.915046	1.19996
22.8	0.732981	-0.680249	0.885259	-0.809908	1.19985
22.9	0.773203	-0.634158	0.935327	-0.751273	1.19969
23	0.771441	-0.636301	0.934212	-0.752515	1.1996
23.1	0.728432	-0.685119	0.881652	-0.813662	1.19973
23.2	0.638445	-0.769667	0.769357	-0.920869	1.19996
23.3	0.490833	-0.871254	0.589102	-1.04545	1.2
23.4	0.283926	-0.958846	0.343254	-1.14984	1.19999
23.5	0.0415056	-0.999138	0.0509693	-1.19891	1.2
23.6	-0.205561	-0.978644	-0.248949	-1.17388	1.19999
23.7	-0.426548	-0.904465	-0.513868	-1.0844	1.19999
23.8	-0.595316	-0.803492	-0.716951	-0.962252	1.19998
23.9	-0.705153	-0.709055	-0.850995	-0.845914	1.1999
24	-0.762894	-0.646524	-0.922343	-0.767255	1.19975
24.1	-0.77669	-0.629883	-0.940258	-0.744972	1.19961
24.2	-0.749724	-0.66175	-0.907936	-0.784098	1.19965
24.3	-0.678725	-0.734393	-0.819648	-0.876311	1.19989
24.4	-0.554325	-0.8323	-0.665765	-0.998376	1.2
24.5	-0.368609	-0.929585	-0.44375	-1.11493	1.2
24.6	-0.135925	-0.990719	-0.165636	-1.1885	1.19999
24.7	0.112709	-0.993628	0.136675	-1.19219	1.2
24.8	0.347335	-0.937741	0.419104	-1.12442	1.19999
24.9	0.537904	-0.843006	0.647544	-1.01028	1.19999
25	0.669789	-0.742552	0.807641	-0.887454	1.19994
25.1	0.746265	-0.665649	0.901688	-0.79152	1.19981
25.2	0.776083	-0.63063	0.939111	-0.746483	1.19965
25.3	0.764679	-0.644411	0.926127	-0.762456	1.1996
25.4	0.711244	-0.702945	0.86028	-0.836318	1.1998
25.5	0.608559	-0.793509	0.732297	-0.950636	1.19999
25.6	0.446134	-0.894966	0.535736	-1.07377	1.2
25.7	0.227962	-0.97367	0.276442	-1.16771	1.19998
25.8	-0.0180513	-0.999837	-0.0215738	-1.19981	1.2
25.9	-0.261677	-0.965156	-0.316452	-1.15751	1.19999
26	-0.471868	-0.881669	-0.56816	-1.05696	1.19999
26.1	-0.626392	-0.779508	-0.754704	-0.932922	1.19997
26.2	-0.722945	-0.690905	-0.872898	-0.823246	1.19987
26.3	-0.769588	-0.638541	-0.930768	-0.756951	1.19971
26.4	-0.773605	-0.633668	-0.936734	-0.749379	1.1996
26.5	-0.736656	-0.676268	-0.891848	-0.802424	1.1997
26.6	-0.653933	-0.756553	-0.788683	-0.904344	1.19994
26.7	-0.515138	-0.857107	-0.618322	-1.02843	1.2
26.8	-0.315884	-0.948798	-0.381233	-1.13782	1.19999
26.9	-0.0767222	-0.997053	-0.0938151	-1.19632	1.19999
27	0.171237	-0.98523	0.207529	-1.18191	1.19999
27.1	0.397641	-0.917541	0.479283	-1.10012	1.19999
27.2	0.574582	-0.818447	0.691844	-0.980465	1.19998
27.3	0.692465	-0.721451	0.835427	-0.861315	1.19992
27.4	0.757002	-0.653413	0.915021	-0.776009	1.19977
27.5	0.776665	-0.629914	0.940086	-0.745211	1.19963
27.6	0.755496	-0.655153	0.914995	-0.775819	1.19963
27.7	0.691138	-0.722723	0.835187	-0.861467	1.19986
27.8	0.574984	-0.818165	0.691004	-0.981074	1.2
27.9	0.397816	-0.917465	0.478361	-1.10053	1.2
28	0.170102	-0.985426	0.206912	-1.18201	1.19998
28.1	-0.0778514	-0.996965	-0.0943445	-1.19628	1.2
28.2	-0.316164	-0.948705	-0.381788	-1.13763	1.19999
28.3	-0.514163	-0.857692	-0.61896	-1.02804	1.19999
28.4	-0.654303	-0.756233	-0.788727	-0.904321	1.19995
28.5	-0.738004	-0.674796	-0.891489	-0.803024	1.19983
28.6	-0.773905	-0.633301	-0.936306	-0.750031	1.19967
28.7	-0.768166	-0.640251	-0.930299	-0.757353	1.1996
28.8	-0.720884	-0.693056	-0.872297	-0.823724	1.19976
28.9	-0.625728	-0.780041	-0.753585	-0.933835	1.19997
29	-0.472067	-0.881562	-0.566663	-1.05778	1.2
29.1	-0.260507	-0.965472	-0.315335	-1.15781	1.19998
29.2	-0.0166828	-0.999861	-0.0207367	-1.19982	1.2
29.3	0.228863	-0.973459	0.277006	-1.16758	1.19999
29.4	0.445283	-0.89539	0.536303	-1.07348	1.19999
29.5	0.608005	-0.793933	0.732361	-0.950571	1.19997
29.6	0.712196	-0.701981	0.859676	-0.837072	1.19989
29.7	0.765235	-0.643751	0.925317	-0.763641	1.19973
29.8	0.774915	-0.632066	0.938204	-0.74755	1.19961
29.9	0.743773	-0.668432	0.900634	-0.792507	1.19967
30	0.667904	-0.744247	0.806154	-0.888771	1.19992
30.1	0.53754	-0.843238	0.645407	-1.01166	1.2
30.2	0.346149	-0.93818	0.417129	-1.12516	1.19999
30.3	0.110774	-0.993846	0.135159	-1.19235	1.19999
30.4	-0.137472	-0.990506	-0.166683	-1.18836	1.19999
30.5	-0.368553	-0.929607	-0.444488	-1.11463	1.19999
30.6	-0.55325	-0.833015	-0.666066	-0.998159	1.19999
30.7	-0.679081	-0.734063	-0.819032	-0.87694	1.19993
30.8	-0.750402	-0.660982	-0.906845	-0.785584	1.1998
30.9	-0.775859	-0.630906	-0.938963	-0.746652	1.19964
31	-0.760291	-0.649583	-0.92082	-0.768873	1.19962
31.1	-0.702228	-0.711952	-0.849057	-0.84775	1.19982
31.2	-0.59387	-0.804561	-0.714211	-0.964304	1.19999
31.3	-0.425189	-0.905105	-0.510842	-1.08584	1.2
31.4	-0.202933	-0.979193	-0.246413	-1.17441	1.19998
31.5	0.0438184	-0.99904	0.0529457	-1.19883	1.2
31.6	0.285088	-0.958501	0.344542	-1.14946	1.19999
31.7	0.489951	-0.87175	0.589864	-1.04501	1.19999
31.8	0.638156	-0.769907	0.769043	-0.921131	1.19996
31.9	0.729061	-0.684448	0.880464	-0.815129	1.19985
32	0.771003	-0.636831	0.932623	-0.754641	1.1997
32.1	0.77078	-0.637102	0.933386	-0.753545	1.1996
32.2	0.729367	-0.684122	0.882841	-0.812363	1.19973
32.3	0.64131	-0.767282	0.772982	-0.917823	1.19996
32.4	0.496129	-0.868249	0.595483	-1.04183	1.2
32.5	0.29152	-0.956565	0.352271	-1.14711	1.19999
32.6	0.0503823	-0.99873	0.0617703	-1.19841	1.2
32.7	-0.196437	-0.980516	-0.237941	-1.17616	1.19999
32.8	-0.418411	-0.908258	-0.504135	-1.08895	1.19999
32.9	-0.589016	-0.808121	-0.709333	-0.967883	1.19998
33	-0.700783	-0.713375	-0.845658	-0.851256	1.19991
33.1	-0.760195	-0.649695	-0.919037	-0.771224	1.19976
33.2	-0.775434	-0.631428	-0.938708	-0.746934	1.19962
33.3	-0.749876	-0.661578	-0.908132	-0.783869	1.19965
33.4	-0.680487	-0.73276	-0.821901	-0.874189	1.19989
33.5	-0.558143	-0.829744	-0.670462	-0.995227	1.2
33.6	-0.374712	-0.927141	-0.450976	-1.11203	1.2
33.7	-0.143618	-0.989633	-0.174926	-1.18717	1.19999
33.8	0.104372	-0.994538	0.126551	-1.1933	1.2
33.9	0.339414	-0.940637	0.409623	-1.12791	1.19999
34	0.531409	-0.847115	0.63973	-1.01524	1.19999
34.1	0.665058	-0.746792	0.801883	-0.892665	1.19994
34.2	0.743145	-0.669131	0.897873	-0.795855	1.19982
34.3	0.774333	-0.632779	0.936961	-0.749192	1.19966
34.4	0.764188	-0.644994	0.925519	-0.763197	1.19961
34.5	0.712106	-0.702072	0.861392	-0.835164	1.19979
34.6	0.611107	-0.791548	0.735503	-0.948155	1.19998
34.7	0.450762	-0.892644	0.54126	-1.071	1.2
34.8	0.234383	-0.972144	0.284108	-1.16586	1.19998
34.9	-0.0106861	-0.999943	-0.0126011	-1.19993	1.2
35	-0.254237	-0.967142	-0.307509	-1.15992	1.19999
35.1	-0.465373	-0.885115	-0.56038	-1.06111	1.19999
35.2	-0.621416	-0.78348	-0.748673	-0.937772	1.19997
35.3	-0.719486	-0.694507	-0.868674	-0.82771	1.19987
35.4	-0.767429	-0.641134	-0.928125	-0.7602	1.19972
35.5	-0.772589	-0.634907	-0.935482	-0.750949	1.1996
35.6	-0.736791	-0.676121	-0.892037	-0.802211	1.1997
35.7	-0.655432	-0.755254	-0.79061	-0.902654	1.19994
35.8	-0.518399	-0.855139	-0.622289	-1.02604	1.2
35.9	-0.320976	-0.947087	-0.387263	-1.13578	1.19999
36	-0.0829989	-0.99655	-0.101435	-1.1957	1.19999
36.1	0.164514	-0.986375	0.199395	-1.18331	1.19999
36.2	0.39137	-0.920233	0.471784	-1.10336	1.19999
36.3	0.569504	-0.821989	0.685717	-0.98476	1.19998
36.4	0.688757	-0.724992	0.830909	-0.865679	1.19992
36.5	0.754516	-0.656281	0.911986	-0.779583	1.19978
36.6	0.775226	-0.631684	0.938324	-0.747438	1.19963
36.7	0.755048	-0.655669	0.914452	-0.77646	1.19963
36.8	0.691795	-0.722094	0.836054	-0.86062	1.19986
36.9	0.577056	-0.816705	0.693592	-0.979245	1.2
37	0.40158	-0.915824	0.482826	-1.09858	1.2
37.1	0.175218	-0.98453	0.21306	-1.18092	1.19998
37.2	-0.0720287	-0.997403	-0.0872597	-1.19682	1.2
37.3	-0.310353	-0.950621	-0.374824	-1.13995	1.19999
37.4	-0.509153	-0.860676	-0.612944	-1.03164	1.19999
37.5	-0.650456	-0.759544	-0.784056	-0.908376	1.19995
37.6	-0.735279	-0.677765	-0.888165	-0.806706	1.19984
37.7	-0.77214	-0.635452	-0.93415	-0.752725	1.19968
37.8	-0.76726	-0.641336	-0.929189	-0.75872	1.1996
37.9	-0.720873	-0.693067	-0.872316	-0.823701	1.19976
38	-0.626818	-0.779166	-0.754995	-0.932693	1.19997
38.1	-0.474585	-0.88021	-0.569693	-1.05615	1.2
38.2	-0.264423	-0.964407	-0.319987	-1.15653	1.19998
38.3	-0.0214858	-0.999769	-0.0265851	-1.1997	1.2
38.4	0.223731	-0.974651	0.270821	-1.16903	1.19999
38.5	0.440537	-0.897734	0.530624	-1.0763	1.19999
38.6	0.604152	-0.796869	0.727703	-0.954143	1.19998
38.7	0.709325	-0.704881	0.85618	-0.840652	1.19989
38.8	0.76323	-0.646127	0.922873	-0.766601	1.19974
38.9	0.773657	-0.633604	0.936668	-0.749481	1.19961
39	0.743242	-0.669022	0.899997	-0.793231	1.19967
39.1	0.668214	-0.743969	0.806593	-0.888368	1.19991
39.2	0.538963	-0.842329	0.647173	-1.01053	1.2
39.3	0.348868	-0.937172	0.420342	-1.12396	1.19999
39.4	0.114494	-0.993424	0.139657	-1.19183	1.19999
39.5	-0.133195	-0.99109	-0.161493	-1.18908	1.19999
39.6	-0.364279	-0.93129	-0.439376	-1.11666	1.19999
39.7	-0.549547	-0.835463	-0.661611	-1.00112	1.19999
39.8	-0.676172	-0.736744	-0.815497	-0.88023	1.19993
39.9	-0.748246	-0.663421	-0.904221	-0.788608	1.1998
40	-0.774348	-0.63276	-0.937123	-0.748968	1.19965
40.1	-0.759367	-0.650663	-0.919695	-0.770223	1.19962
40.2	-0.701935	-0.712241	-0.848733	-0.848073	1.19982
40.3	-0.594389	-0.804178	-0.714903	-0.963791	1.19999
40.4	-0.426777	-0.904357	-0.512737	-1.08494	1.2
40.5	-0.205545	-0.978648	-0.24953	-1.17375	1.19998
40.6	0.0405148	-0.999179	0.0489203	-1.199	1.2
40.7	0.281487	-0.959565	0.340218	-1.15075	1.19999
40.8	0.486573	-0.87364	0.585819	-1.04728	1.19999
40.9	0.635336	-0.772236	0.76563	-0.923971	1.19996
41	0.726852	-0.686794	0.877778	-0.818024	1.19986
41.1	0.769331	-0.63885	0.930591	-0.757151	1.1997
41.2	0.769573	-0.638559	0.931918	-0.755367	1.1996
41.3	0.72862	-0.684918	0.881943	-0.81334	1.19973
41.4	0.64112	-0.76744	0.772801	-0.917973	1.19996
41.5	0.496722	-0.86791	0.596223	-1.0414	1.2
41.6	0.293036	-0.956101	0.354057	-1.14657	1.19999
41.7	0.0526514	-0.998613	0.0645264	-1.19826	1.2
41.8	-0.193675	-0.981066	-0.234602	-1.17683	1.19999
41.9	-0.415549	-0.909571	-0.500713	-1.09053	1.19999
42	-0.586433	-0.809998	-0.70622	-0.970157	1.19998
42.1	-0.698628	-0.715485	-0.843043	-0.853848	1.19991
42.2	-0.758453	-0.651727	-0.916925	-0.773739	1.19976
42.3	-0.774044	-0.633131	-0.937021	-0.749056	1.19962
42.4	-0.748804	-0.662792	-0.906828	-0.785381	1.19965
42.5	-0.679766	-0.733429	-0.821049	-0.874989	1.19989
42.6	-0.557918	-0.829896	-0.670233	-0.995381	1.2
42.7	-0.375198	-0.926945	-0.451548	-1.1118	1.2
42.8	-0.144838	-0.989455	-0.176385	-1.18695	1.19999
42.9	0.102564	-0.994726	0.124348	-1.19354	1.2
43	0.33725	-0.941415	0.40703	-1.12885	1.19999
43.1	0.529227	-0.84848	0.637113	-1.01689	1.19999
43.2	0.663082	-0.748547	0.799493	-0.894807	1.19995
43.3	0.741432	-0.671028	0.895799	-0.798193	1.19982
43.4	0.772854	-0.634584	0.935172	-0.75143	1.19966
43.5	0.762901	-0.646515	0.923956	-0.765096	1.19961
43.6	0.711004	-0.703188	0.860055	-0.836543	1.19979
43.7	0.610253	-0.792207	0.734502	-0.94893	1.19998
43.8	0.450344	-0.892855	0.540777	-1.07124	1.2
43.9	0.234576	-0.972098	0.284319	-1.16581	1.19998
44	-0.00988941	-0.999951	-0.0116292	-1.19994	1.2
44.1	-0.252925	-0.967486	-0.305926	-1.16034	1.19999
44.2	-0.463766	-0.885958	-0.558461	-1.06212	1.19999
44.3	-0.619762	-0.78479	-0.746681	-0.939358	1.19997
44.4	-0.717911	-0.696135	-0.86677	-0.829705	1.19988
44.5	-0.765955	-0.642895	-0.926346	-0.762371	1.19972
44.6	-0.771188	-0.636608	-0.933786	-0.753063	1.19961
44.7	-0.735434	-0.677597	-0.890383	-0.804051	1.1997
44.8	-0.654126	-0.756385	-0.789034	-0.904033	1.19994
44.9	-0.517248	-0.855836	-0.620935	-1.02686	1.2
45	-0.320212	-0.947346	-0.386342	-1.1361	1.19999
45.1	-0.0827754	-0.996568	-0.101154	-1.19572	1.19999
45.2	0.164164	-0.986433	0.198963	-1.18338	1.19999
45.3	0.390511	-0.920598	0.470758	-1.10379	1.19999
45.4	0.568329	-0.822801	0.684313	-0.985736	1.19998
45.5	0.687443	-0.726238	0.829327	-0.867195	1.19992
45.6	0.753145	-0.657854	0.910335	-0.781512	1.19978
45.7	0.773806	-0.633423	0.936611	-0.749589	1.19963
45.8	0.753548	-0.657392	0.912627	-0.778612	1.19963
45.9	0.690187	-0.723631	0.834089	-0.862528	1.19986
46	0.575361	-0.8179	0.691565	-0.980677	1.2
46.1	0.399983	-0.916522	0.480934	-1.09941	1.2
46.2	0.174006	-0.984745	0.211581	-1.18118	1.19998
46.3	-0.0726938	-0.997354	-0.0880619	-1.19676	1.2
46.4	-0.310389	-0.95061	-0.374863	-1.13993	1.19999
46.5	-0.508626	-0.860987	-0.612323	-1.032	1.19999
46.6	-0.649543	-0.760325	-0.782966	-0.909316	1.19995
46.7	-0.73412	-0.67902	-0.886775	-0.808235	1.19984
46.8	-0.770793	-0.637085	-0.932532	-0.754731	1.19968
46.9	-0.765716	-0.643179	-0.927319	-0.761011	1.19961
47	-0.719088	-0.694919	-0.87013	-0.826016	1.19976
47.1	-0.624757	-0.780819	-0.752491	-0.934715	1.19997
47.2	-0.47233	-0.881422	-0.567019	-1.05759	1.2
47.3	-0.262295	-0.964988	-0.317429	-1.15724	1.19998
47.4	-0.0198023	-0.999804	-0.0245331	-1.19975	1.2
47.5	0.224765	-0.974413	0.272058	-1.16874	1.19999
47.6	0.440825	-0.897593	0.530974	-1.07612	1.19999
47.7	0.603797	-0.797138	0.72729	-0.954458	1.19998
47.8	0.7085	-0.70571	0.8552	-0.841649	1.19989
47.9	0.762054	-0.647513	0.921468	-0.76829	1.19974
48	0.772162	-0.635426	0.934868	-0.751731	1.19962
48.1	0.741391	-0.671074	0.897735	-0.795799	1.19968
48.2	0.665939	-0.746006	0.803801	-0.890899	1.19992
48.3	0.536244	-0.844063	0.643917	-1.01261	1.2
48.4	0.345952	-0.938252	0.416875	-1.12525	1.19999
48.5	0.11183	-0.993727	0.136415	-1.19221	1.19999
48.6	-0.135277	-0.990808	-0.164007	-1.18873	1.19999
48.7	-0.365525	-0.930802	-0.440866	-1.11607	1.19999
48.8	-0.549914	-0.835221	-0.662068	-1.00082	1.19999
48.9	-0.675821	-0.737066	-0.815095	-0.880602	1.19993
49	-0.74735	-0.664431	-0.903158	-0.789825	1.1998
49.1	-0.772994	-0.634414	-0.935501	-0.750996	1.19965
49.2	-0.757544	-0.652784	-0.917482	-0.772867	1.19962
49.3	-0.69957	-0.714564	-0.845822	-0.850984	1.19983
49.4	-0.591392	-0.806385	-0.711266	-0.966479	1.19999
49.5	-0.423253	-0.906012	-0.508558	-1.08691	1.2
49.6	-0.201979	-0.97939	-0.245227	-1.17466	1.19998
49.7	0.0436422	-0.999047	0.0527224	-1.19884	1.2
49.8	0.283794	-0.958885	0.342981	-1.14993	1.19999
49.9	0.487829	-0.872939	0.587336	-1.04643	1.19999
50	0.635613	-0.772008	0.765989	-0.923672	1.19996
50.1	0.726355	-0.68732	0.877204	-0.818639	1.19986
50.2	0.768212	-0.640195	0.929262	-0.758782	1.1997
50.3	0.767869	-0.640607	0.929863	-0.757901	1.19961
50.4	0.726271	-0.687409	0.879058	-0.816467	1.19973
50.5	0.638003	-0.770034	0.768975	-0.921184	1.19996
50.6	0.492797	-0.870144	0.59154	-1.04407	1.2
50.7	0.288695	-0.957421	0.348876	-1.14815	1.19999
50.8	0.0485257	-0.998822	0.0595008	-1.19852	1.2
50.9	-0.197093	-0.980385	-0.238715	-1.17601	1.19999
51	-0.417839	-0.908521	-0.503458	-1.08927	1.19999
51.1	-0.587504	-0.809222	-0.707535	-0.969198	1.19998
51.2	-0.698667	-0.715447	-0.843124	-0.853766	1.19991
51.3	-0.757675	-0.652633	-0.916013	-0.774816	1.19976
51.4	-0.772548	-0.634956	-0.935231	-0.751293	1.19962
51.5	-0.746562	-0.665316	-0.904092	-0.78854	1.19966
51.6	-0.676654	-0.736301	-0.817208	-0.878585	1.19989
51.7	-0.553796	-0.832652	-0.665255	-0.998715	1.2
51.8	-0.370267	-0.928926	-0.445698	-1.11416	1.2
51.9	-0.139796	-0.99018	-0.170273	-1.18784	1.19999
52	0.107084	-0.99425	0.129825	-1.19295	1.2
52.1	0.340684	-0.940178	0.41114	-1.12736	1.19999
52.2	0.531259	-0.847209	0.639575	-1.01534	1.19999
52.3	0.663812	-0.747899	0.800411	-0.893984	1.19994
52.4	0.741111	-0.671382	0.895447	-0.798585	1.19982
52.5	0.771657	-0.636039	0.933753	-0.753192	1.19966
52.6	0.760853	-0.648924	0.921476	-0.768089	1.19962
52.7	0.708	-0.706213	0.856349	-0.840349	1.1998
52.8	0.606107	-0.795383	0.72943	-0.952836	1.19999
52.9	0.445047	-0.895507	0.534483	-1.0744	1.2
53	0.228744	-0.973487	0.277319	-1.1675	1.19998
53.1	-0.0154548	-0.999881	-0.0184052	-1.19986	1.2
53.2	-0.257557	-0.966263	-0.311484	-1.15886	1.19999
53.3	-0.466916	-0.884302	-0.562245	-1.06012	1.19999
53.4	-0.62135	-0.783533	-0.748633	-0.937803	1.19997
53.5	-0.718181	-0.695856	-0.86714	-0.829315	1.19987
53.6	-0.765155	-0.643846	-0.925417	-0.763497	1.19972
53.7	-0.769416	-0.638748	-0.93166	-0.755697	1.19961
53.8	-0.732625	-0.680632	-0.886935	-0.807867	1.19971
53.9	-0.650089	-0.759858	-0.784051	-0.908364	1.19994
54	-0.511815	-0.859096	-0.614419	-1.03077	1.2
54.1	-0.313774	-0.949498	-0.378684	-1.13867	1.19999
54.2	-0.0762552	-0.997088	-0.0932226	-1.19637	1.19999
54.3	0.169985	-0.985447	0.205989	-1.18218	1.19999
54.4	0.394898	-0.918725	0.476008	-1.10154	1.19999
54.5	0.570947	-0.820987	0.687494	-0.983519	1.19998
54.6	0.688458	-0.725277	0.830601	-0.865972	1.19992
54.7	0.752858	-0.658183	0.910031	-0.781862	1.19978
54.8	0.772397	-0.63514	0.934939	-0.751674	1.19964
54.9	0.751014	-0.660286	0.90954	-0.782227	1.19964
55	0.68636	-0.727262	0.829352	-0.867095	1.19987
55.1	0.569991	-0.821651	0.685039	-0.985248	1.2
55.2	0.393178	-0.919462	0.472863	-1.1029	1.2
55.3	0.166656	-0.986015	0.202705	-1.18274	1.19998
55.4	-0.0796411	-0.996824	-0.0964994	-1.19611	1.2
55.5	-0.316079	-0.948733	-0.381676	-1.13767	1.19999
55.6	-0.512439	-0.858724	-0.616919	-1.02926	1.19999
55.7	-0.65147	-0.758675	-0.785341	-0.907263	1.19995
55.8	-0.734473	-0.678638	-0.887253	-0.807705	1.19984
55.9	-0.76984	-0.638236	-0.931423	-0.756097	1.19968
56	-0.763532	-0.64577	-0.924685	-0.764217	1.19961
56.1	-0.715554	-0.698558	-0.865767	-0.830603	1.19977
56.2	-0.619602	-0.784916	-0.746151	-0.939788	1.19998
56.3	-0.465415	-0.885093	-0.558777	-1.06196	1.2
56.4	-0.254296	-0.967127	-0.307863	-1.15982	1.19998
56.5	-0.0118334	-0.99993	-0.0148273	-1.19991	1.2
56.6	0.231757	-0.972774	0.280466	-1.16675	1.19999
56.7	0.445968	-0.895049	0.537141	-1.07306	1.19999
56.8	0.606811	-0.794846	0.730968	-0.951642	1.19997
56.9	0.709642	-0.704563	0.856638	-0.840181	1.19989
57	0.761664	-0.647972	0.921047	-0.76879	1.19974
57.1	0.770409	-0.63755	0.932776	-0.754328	1.19962
57.2	0.73822	-0.674559	0.893849	-0.800178	1.19969
57.3	0.661106	-0.750292	0.797817	-0.896273	1.19992
57.4	0.529456	-0.848337	0.635733	-1.01776	1.2
57.5	0.337542	-0.941311	0.40689	-1.1289	1.19999
57.6	0.102972	-0.994684	0.12566	-1.19339	1.19999
57.7	-0.143508	-0.989649	-0.173965	-1.18732	1.19999
57.8	-0.372086	-0.928198	-0.448716	-1.11294	1.19999
57.9	-0.554191	-0.83239	-0.667246	-0.99737	1.19999
58	-0.677918	-0.735138	-0.817691	-0.878188	1.19993
58.1	-0.747645	-0.664098	-0.903574	-0.789343	1.1998
58.2	-0.771757	-0.635918	-0.934049	-0.752799	1.19965
58.3	-0.754806	-0.655948	-0.914157	-0.776809	1.19963
58.4	-0.695138	-0.718877	-0.84033	-0.856424	1.19984
58.5	-0.584916	-0.811094	-0.703353	-0.972254	1.19999
58.6	-0.414716	-0.909951	-0.498423	-1.09159	1.2
58.7	-0.192401	-0.981316	-0.2337	-1.17701	1.19998
58.8	0.0529956	-0.998595	0.064099	-1.19829	1.2
58.9	0.29179	-0.956482	0.352566	-1.14702	1.19999
59	0.493524	-0.869732	0.594185	-1.04255	1.19999
59.1	0.638845	-0.769335	0.76995	-0.92037	1.19996
59.2	0.727477	-0.686132	0.878627	-0.817104	1.19985
59.3	0.767588	-0.640944	0.928564	-0.759632	1.1997
59.4	0.765634	-0.643276	0.927179	-0.761189	1.19961
59.5	0.722304	-0.691576	0.874165	-0.821723	1.19975
59.6	0.631966	-0.774996	0.761519	-0.927364	1.19996
59.7	0.484413	-0.87484	0.581511	-1.04969	1.2
59.8	0.278632	-0.960398	0.336878	-1.15173	1.19999
59.9	0.0381964	-0.99927	0.046925	-1.19908	1.2
60	-0.206467	-0.978454	-0.250008	-1.17366	1.19999
60.1	-0.425063	-0.905164	-0.512109	-1.08523	1.19999
60.2	-0.592053	-0.805899	-0.713067	-0.965134	1.19998
60.3	-0.700779	-0.713378	-0.84575	-0.851159	1.1999
60.4	-0.757778	-0.652512	-0.916204	-0.774583	1.19975
60.5	-0.770894	-0.636963	-0.933272	-0.753726	1.19962
60.6	-0.74312	-0.669159	-0.899881	-0.79336	1.19967
60.7	-0.671137	-0.741333	-0.810363	-0.884917	1.1999
60.8	-0.545796	-0.837918	-0.655564	-1.0051	1.2
60.9	-0.360012	-0.932948	-0.433535	-1.11894	1.19999
61	-0.128662	-0.991688	-0.156788	-1.1897	1.19999
61.1	0.117717	-0.993047	0.142715	-1.19148	1.2
61.2	0.349483	-0.936943	0.421669	-1.12346	1.19999
61.3	0.537299	-0.843392	0.646868	-1.01071	1.19999
61.4	0.667095	-0.744973	0.804452	-0.890345	1.19994
61.5	0.742078	-0.670313	0.896689	-0.797181	1.19981
61.6	0.77067	-0.637234	0.932618	-0.754592	1.19966
61.7	0.757994	-0.652261	0.918016	-0.772232	1.19962
61.8	0.703061	-0.711129	0.850231	-0.846559	1.19981
61.9	0.598656	-0.801007	0.720284	-0.959772	1.19999
62	0.434919	-0.90047	0.52244	-1.0803	1.2
62.1	0.217026	-0.976166	0.263259	-1.17075	1.19998
62.2	-0.0271833	-0.99963	-0.0326834	-1.19955	1.2
62.3	-0.267894	-0.963448	-0.323892	-1.15545	1.19999
62.4	-0.474585	-0.880209	-0.571452	-1.05519	1.19999
62.5	-0.625992	-0.77983	-0.754301	-0.933246	1.19997
62.6	-0.720165	-0.693803	-0.869621	-0.826705	1.19987
62.7	-0.764939	-0.644103	-0.925226	-0.763719	1.19971
62.8	-0.767209	-0.641397	-0.929022	-0.758941	1.19961
62.9	-0.728315	-0.685242	-0.881627	-0.813677	1.19972
63	-0.643286	-0.765626	-0.775624	-0.915582	1.19995
63.1	-0.502102	-0.864808	-0.602757	-1.03763	1.2
63.2	-0.30176	-0.953384	-0.364393	-1.14332	1.19999
63.3	-0.0636153	-0.997974	-0.0778494	-1.19747	1.2
63.4	0.181747	-0.983345	0.220187	-1.17962	1.19999
63.5	0.404276	-0.914637	0.487232	-1.09662	1.19999
63.6	0.577134	-0.81665	0.694998	-0.97823	1.19998
63.7	0.691636	-0.722246	0.834531	-0.862178	1.19991
63.8	0.753538	-0.657404	0.910934	-0.7808	1.19977
63.9	0.770919	-0.636934	0.933205	-0.753824	1.19963
64	0.747381	-0.664396	0.905107	-0.787369	1.19965
64.1	0.680261	-0.73297	0.821777	-0.874296	1.19988
64.2	0.560912	-0.827876	0.67399	-0.99284	1.2
64.3	0.381208	-0.924489	0.458666	-1.10888	1.2
64.4	0.153317	-0.988177	0.186592	-1.18539	1.19999
64.5	-0.0926574	-0.995698	-0.112304	-1.19473	1.2
64.6	-0.327163	-0.944968	-0.394949	-1.13313	1.19999
64.7	-0.520337	-0.853961	-0.626436	-1.0235	1.19999
64.8	-0.656036	-0.754729	-0.790942	-0.902379	1.19995
64.9	-0.736197	-0.676768	-0.889425	-0.805302	1.19983
65	-0.76918	-0.639033	-0.930696	-0.756984	1.19967
65.1	-0.760629	-0.649187	-0.921185	-0.768442	1.19962
65.2	-0.7102	-0.704	-0.859138	-0.837482	1.19979
65.3	-0.611294	-0.791404	-0.735914	-0.947832	1.19998
65.4	-0.453833	-0.891087	-0.544973	-1.06911	1.2
65.5	-0.240529	-0.970642	-0.291395	-1.16407	1.19998
65.6	0.00223171	-0.999998	0.00230118	-1.2	1.2
65.7	0.244455	-0.969661	0.295731	-1.16298	1.19999
65.8	0.455693	-0.890137	0.5488	-1.06714	1.19999
65.9	0.612961	-0.790113	0.738459	-0.945838	1.19997
66	0.712576	-0.701595	0.860284	-0.836437	1.19988
66.1	0.761933	-0.647656	0.921458	-0.768287	1.19973
66.2	0.768302	-0.640088	0.930273	-0.757413	1.19962
66.3	0.733649	-0.679528	0.88823	-0.806433	1.1997
66.4	0.653639	-0.756806	0.788548	-0.904453	1.19993
66.5	0.518549	-0.855048	0.622585	-1.02586	1.2
66.6	0.323689	-0.946164	0.390439	-1.1347	1.19999
66.7	0.0880774	-0.996114	0.107573	-1.19516	1.19999
66.8	-0.157653	-0.987495	-0.191071	-1.18468	1.19999
66.9	-0.383678	-0.923467	-0.462586	-1.10724	1.19999
67	-0.56211	-0.827062	-0.676829	-0.99089	1.19998
67.1	-0.682256	-0.731114	-0.823035	-0.873174	1.19992
67.2	-0.748982	-0.66259	-0.905284	-0.787369	1.19979
67.3	-0.770524	-0.637411	-0.932628	-0.754554	1.19964
67.4	-0.751057	-0.660237	-0.909597	-0.78216	1.19964
67.5	-0.688548	-0.725191	-0.832144	-0.864404	1.19986
67.6	-0.574879	-0.818238	-0.691087	-0.981013	1.2
67.7	-0.401159	-0.916008	-0.482334	-1.09879	1.2
67.8	-0.176934	-0.984223	-0.215068	-1.18055	1.19998
67.9	0.0683678	-0.99766	0.0827888	-1.19714	1.2
68	0.305194	-0.95229	0.36863	-1.14196	1.19999
68.1	0.503364	-0.864074	0.606021	-1.03572	1.19999
68.2	0.64479	-0.76436	0.777221	-0.914233	1.19996
68.3	0.730039	-0.683405	0.88183	-0.813634	1.19984
68.4	0.767324	-0.641259	0.928332	-0.759904	1.19969
68.5	0.762758	-0.646684	0.923726	-0.765382	1.19962
68.6	0.716617	-0.697467	0.867132	-0.829168	1.19977
68.7	0.622908	-0.782295	0.750323	-0.936456	1.19997
68.8	0.471509	-0.881861	0.566087	-1.05809	1.2
68.9	0.262915	-0.964819	0.318126	-1.15705	1.19998
69	0.0218391	-0.999761	0.027009	-1.19969	1.2
69.1	-0.221535	-0.975152	-0.268152	-1.16964	1.19999
69.2	-0.436912	-0.899504	-0.526301	-1.07842	1.19999
69.3	-0.599803	-0.800147	-0.722486	-0.9581	1.19998
69.4	-0.704749	-0.709456	-0.850664	-0.846237	1.19989
69.5	-0.758607	-0.651548	-0.917304	-0.773266	1.19974
69.6	-0.768957	-0.639301	-0.930988	-0.756544	1.19962
69.7	-0.738362	-0.674404	-0.894047	-0.799953	1.19968
69.8	-0.663101	-0.74853	-0.800374	-0.893981	1.19992
69.9	-0.533818	-0.845599	-0.641067	-1.01441	1.2
70	-0.344438	-0.938809	-0.415058	-1.12593	1.19999
70.1	-0.111574	-0.993756	-0.136077	-1.19225	1.19999
70.2	0.134229	-0.99095	0.162719	-1.18891	1.19999
70.3	0.363335	-0.931658	0.438246	-1.1171	1.19999
70.4	0.547038	-0.837108	0.658629	-1.00308	1.19999
70.5	0.67268	-0.739933	0.811313	-0.884089	1.19993
70.6	0.744147	-0.668016	0.899299	-0.794222	1.1998
70.7	0.769751	-0.638344	0.93159	-0.755852	1.19966
70.8	0.7542	-0.656645	0.913416	-0.777683	1.19963
70.9	0.696064	-0.71798	0.841541	-0.855225	1.19983
71	0.587773	-0.809026	0.706932	-0.969653	1.19999
71.1	0.419902	-0.907569	0.504593	-1.08875	1.2
71.2	0.19951	-0.979896	0.242219	-1.17528	1.19998
71.3	-0.044877	-0.998993	-0.0542154	-1.19877	1.2
71.4	-0.283639	-0.958931	-0.342783	-1.14999	1.19999
71.5	-0.486444	-0.873712	-0.585694	-1.04735	1.19999
71.6	-0.633402	-0.773823	-0.763345	-0.925858	1.19996
71.7	-0.723644	-0.690173	-0.873949	-0.822114	1.19986
71.8	-0.765142	-0.643862	-0.925572	-0.763286	1.1997
71.9	-0.764426	-0.644711	-0.925697	-0.762997	1.19962
72	-0.72237	-0.691506	-0.874286	-0.821589	1.19974
72.1	-0.633574	-0.773682	-0.763589	-0.925656	1.19996
72.2	-0.488	-0.872843	-0.585846	-1.04727	1.2
72.3	-0.284193	-0.958767	-0.343479	-1.14978	1.19999
72.4	-0.0450152	-0.998986	-0.0552181	-1.19873	1.2
72.5	0.199183	-0.979962	0.241217	-1.1755	1.19999
72.6	0.418306	-0.908306	0.504026	-1.08901	1.19999
72.7	0.58657	-0.809899	0.706443	-0.969993	1.19998
72.8	0.696725	-0.717338	0.840811	-0.856044	1.19991
72.9	0.754996	-0.655729	0.912809	-0.778591	1.19976
73	0.769215	-0.638991	0.931218	-0.756272	1.19963
73.1	0.742505	-0.66984	0.899144	-0.794196	1.19967
73.2	0.671739	-0.740788	0.811179	-0.884164	1.1999
73.3	0.547978	-0.836493	0.658272	-1.00333	1.2
73.4	0.364029	-0.931387	0.438291	-1.11709	1.19999
73.5	0.134102	-0.990968	0.163353	-1.18882	1.19999
73.6	-0.111514	-0.993763	-0.135183	-1.19236	1.2
73.7	-0.34331	-0.939222	-0.414279	-1.12621	1.19999
73.8	-0.531971	-0.846762	-0.640462	-1.01478	1.19999
73.9	-0.662953	-0.748661	-0.79942	-0.894869	1.19994
74	-0.73907	-0.673629	-0.893023	-0.801294	1.19982
74.1	-0.768638	-0.639684	-0.930139	-0.757656	1.19967
74.2	-0.756853	-0.653585	-0.916624	-0.773889	1.19963
74.3	-0.702871	-0.711318	-0.850043	-0.846744	1.19981
74.4	-0.599665	-0.800251	-0.721597	-0.958784	1.19999
74.5	-0.437477	-0.89923	-0.525499	-1.07882	1.2
74.6	-0.22105	-0.975262	-0.268058	-1.16966	1.19998
74.7	0.0222074	-0.999753	0.0266222	-1.1997	1.2
74.8	0.262553	-0.964918	0.317471	-1.15723	1.19999
74.9	0.469633	-0.882862	0.565522	-1.05838	1.19999
75	0.621919	-0.783082	0.749372	-0.937211	1.19997
75.1	0.717048	-0.697024	0.865828	-0.830682	1.19987
75.2	0.762666	-0.646792	0.92246	-0.767067	1.19972
75.3	0.765674	-0.643228	0.927152	-0.761233	1.19962
75.4	0.727514	-0.686093	0.880669	-0.814715	1.19972
75.5	0.643361	-0.765563	0.775787	-0.915441	1.19995
75.6	0.503364	-0.864074	0.604314	-1.03673	1.2
75.7	0.304377	-0.952552	0.367484	-1.14233	1.19999
75.8	0.0672877	-0.997734	0.0823053	-1.19717	1.19999
75.9	-0.177445	-0.984131	-0.214981	-1.18058	1.19999
76	-0.399934	-0.916544	-0.482039	-1.09891	1.19999
76.1	-0.57331	-0.819338	-0.690391	-0.981487	1.19998
76.2	-0.688541	-0.725197	-0.830773	-0.865804	1.19992
76.3	-0.751136	-0.660147	-0.908016	-0.784199	1.19978
76.4	-0.769113	-0.639112	-0.93101	-0.75654	1.19964
76.5	-0.746127	-0.665804	-0.903584	-0.789122	1.19966
76.6	-0.679618	-0.733566	-0.821035	-0.874992	1.19988
76.7	-0.561093	-0.827753	-0.67427	-0.99265	1.2
76.8	-0.382491	-0.923959	-0.460185	-1.10825	1.2
76.9	-0.15566	-0.987811	-0.1894	-1.18494	1.19999
77	0.0895384	-0.995983	0.108508	-1.19508	1.2
77.1	0.323659	-0.946174	0.390749	-1.13459	1.19999
77.2	0.516965	-0.856007	0.622392	-1.02596	1.19999
77.3	0.653115	-0.757259	0.787406	-0.905468	1.19995
77.4	0.733785	-0.679382	0.886499	-0.808526	1.19983
77.5	0.76722	-0.641384	0.928319	-0.759904	1.19968
77.6	0.75906	-0.651021	0.919277	-0.770731	1.19962
77.7	0.709024	-0.705185	0.85772	-0.838936	1.19979
77.8	0.610623	-0.791921	0.735153	-0.948421	1.19998
77.9	0.453928	-0.891038	0.545107	-1.06904	1.2
78	0.241561	-0.970386	0.292604	-1.16376	1.19998
78.1	-0.000374794	-1	-3.95784e-005	-1.2	1.2
78.2	-0.241985	-0.97028	-0.292752	-1.16373	1.19999
78.3	-0.452988	-0.891517	-0.545567	-1.0688	1.19999
78.4	-0.610385	-0.792105	-0.735355	-0.948254	1.19997
78.5	-0.710286	-0.703913	-0.857511	-0.839283	1.19988
78.6	-0.759933	-0.650002	-0.919037	-0.771187	1.19973
78.7	-0.766541	-0.642195	-0.928139	-0.760035	1.19962
78.8	-0.732099	-0.681199	-0.886344	-0.808511	1.19971
78.9	-0.652334	-0.757932	-0.786988	-0.905811	1.19993
79	-0.517658	-0.855588	-0.621554	-1.02648	1.2
79.1	-0.323483	-0.946234	-0.390179	-1.13479	1.19999
79.2	-0.0886519	-0.996063	-0.108258	-1.1951	1.19999
79.3	0.156358	-0.9877	0.189494	-1.18494	1.19999
79.4	0.381853	-0.924223	0.460404	-1.10815	1.19999
79.5	0.560073	-0.828443	0.674386	-0.992554	1.19998
79.6	0.680236	-0.732993	0.820596	-0.875468	1.19993
79.7	0.747061	-0.664756	0.902964	-0.790032	1.19979
79.8	0.76869	-0.639622	0.930411	-0.757292	1.19965
79.9	0.749271	-0.662263	0.907424	-0.784687	1.19965
80	0.686794	-0.726852	0.830012	-0.866454	1.19986
80.1	0.573228	-0.819396	0.689126	-0.982392	1.2
80.2	0.399854	-0.916579	0.480788	-1.09947	1.2
80.3	0.176252	-0.984345	0.214224	-1.18071	1.19998
80.4	-0.0683263	-0.997663	-0.082731	-1.19714	1.2
80.5	-0.304435	-0.952533	-0.367715	-1.14226	1.19999
80.6	-0.502069	-0.864827	-0.604477	-1.03662	1.19999
80.7	-0.643208	-0.765691	-0.775322	-0.915845	1.19996
80.8	-0.728328	-0.685229	-0.879769	-0.815864	1.19984
80.9	-0.765531	-0.643399	-0.926172	-0.76254	1.19969
81	-0.760861	-0.648915	-0.921426	-0.768157	1.19962
81.1	-0.714575	-0.699559	-0.864637	-0.831776	1.19977
81.2	-0.620713	-0.784038	-0.74767	-0.938576	1.19997
81.3	-0.469303	-0.883037	-0.563476	-1.05948	1.2
81.4	-0.261054	-0.965324	-0.315881	-1.15766	1.19998
81.5	-0.0206099	-0.999788	-0.0255099	-1.19973	1.2
81.6	0.221979	-0.975052	0.268676	-1.16952	1.19999
81.7	0.436562	-0.899674	0.525889	-1.07862	1.19999
81.8	0.598846	-0.800864	0.721348	-0.958956	1.19998
81.9	0.703394	-0.7108	0.849041	-0.847866	1.19989
82	0.756973	-0.653446	0.915344	-0.775589	1.19975
82.1	0.767064	-0.64157	0.928705	-0.759351	1.19963
82.2	0.73617	-0.676797	0.89137	-0.802943	1.19969
82.3	0.660553	-0.750779	0.797259	-0.896764	1.19992
82.4	0.530939	-0.84741	0.637627	-1.01658	1.2
82.5	0.341534	-0.939869	0.411601	-1.12719	1.19999
82.6	0.109107	-0.99403	0.13307	-1.19259	1.19999
82.7	-0.135954	-0.990715	-0.164797	-1.18862	1.19999
82.8	-0.364113	-0.931355	-0.439177	-1.11673	1.19999
82.9	-0.546904	-0.837195	-0.658486	-1.00318	1.19999
83	-0.671847	-0.74069	-0.810328	-0.884992	1.19993
83.1	-0.742802	-0.669511	-0.897694	-0.796036	1.1998
83.2	-0.767978	-0.640477	-0.929461	-0.758473	1.19966
83.3	-0.751979	-0.659187	-0.910718	-0.78085	1.19964
83.4	-0.693323	-0.720627	-0.838175	-0.858533	1.19984
83.5	-0.584445	-0.811433	-0.702905	-0.972577	1.19999
83.6	-0.416155	-0.909294	-0.500149	-1.0908	1.2
83.7	-0.195882	-0.980627	-0.237836	-1.17618	1.19998
83.8	0.0478962	-0.998852	0.0578834	-1.1986	1.2
83.9	0.285683	-0.958324	0.345228	-1.14925	1.19999
84	0.487335	-0.873215	0.586776	-1.04674	1.19999
84.1	0.633273	-0.773928	0.763217	-0.925963	1.19996
84.2	0.722732	-0.691129	0.872874	-0.823255	1.19986
84.3	0.763603	-0.645686	0.923736	-0.765508	1.1997
84.4	0.762292	-0.647233	0.92312	-0.766122	1.19962
84.5	0.719573	-0.694417	0.870853	-0.825238	1.19975
84.6	0.629996	-0.776598	0.759211	-0.929253	1.19996
84.7	0.483649	-0.875262	0.58066	-1.05016	1.2
84.8	0.279542	-0.960133	0.337918	-1.15142	1.19999
84.9	0.0407402	-0.99917	0.0500106	-1.19895	1.2
85	-0.20257	-0.979268	-0.245291	-1.17465	1.19999
85.1	-0.420406	-0.907336	-0.506544	-1.08784	1.19999
85.2	-0.587344	-0.809338	-0.707404	-0.969293	1.19998
85.3	-0.696407	-0.717647	-0.840462	-0.856385	1.1999
85.4	-0.753819	-0.657083	-0.911417	-0.780219	1.19976
85.5	-0.767277	-0.641316	-0.928893	-0.759131	1.19963
85.6	-0.73977	-0.672859	-0.895804	-0.797973	1.19968
85.7	-0.668075	-0.744094	-0.806665	-0.888291	1.1999
85.8	-0.543264	-0.839562	-0.652594	-1.00703	1.2
85.9	-0.358555	-0.933509	-0.43179	-1.11962	1.19999
86	-0.128653	-0.99169	-0.156743	-1.18971	1.19999
86.1	0.116258	-0.993219	0.140926	-1.19169	1.2
86.2	0.346763	-0.937953	0.418411	-1.12468	1.19999
86.3	0.53385	-0.845579	0.642744	-1.01334	1.19999
86.4	0.663411	-0.748255	0.800014	-0.894336	1.19994
86.5	0.738393	-0.674371	0.892244	-0.802159	1.19982
86.6	0.76701	-0.641636	0.928201	-0.760031	1.19967
86.7	0.75429	-0.656541	0.913516	-0.777566	1.19963
86.8	0.699254	-0.714873	0.845585	-0.851208	1.19982
86.9	0.594805	-0.80387	0.71567	-0.963217	1.19999
87	0.431432	-0.902146	0.518317	-1.08229	1.2
87.1	0.21456	-0.976711	0.260254	-1.17142	1.19998
87.2	-0.0282617	-0.999601	-0.033989	-1.19952	1.2
87.3	-0.267445	-0.963573	-0.323338	-1.1556	1.19999
87.4	-0.472808	-0.881165	-0.569341	-1.05633	1.19999
87.5	-0.62335	-0.781943	-0.75114	-0.935792	1.19997
87.6	-0.717029	-0.697044	-0.865852	-0.830653	1.19987
87.7	-0.761466	-0.648204	-0.92105	-0.768757	1.19972
87.8	-0.763389	-0.645939	-0.924402	-0.764577	1.19962
87.9	-0.724061	-0.689736	-0.876427	-0.819291	1.19973
88	-0.638529	-0.769598	-0.769839	-0.920454	1.19995
88.1	-0.497017	-0.867741	-0.596717	-1.04112	1.2
88.2	-0.297043	-0.954864	-0.358744	-1.14511	1.19999
88.3	-0.0600133	-0.998198	-0.0734527	-1.19775	1.2
88.4	0.183792	-0.982965	0.222634	-1.17916	1.19999
88.5	0.404564	-0.914509	0.487584	-1.09647	1.19999
88.6	0.57592	-0.817506	0.693571	-0.979241	1.19998
88.7	0.689358	-0.724421	0.831815	-0.864799	1.19991
88.8	0.7505	-0.660871	0.907296	-0.785028	1.19977
88.9	0.767213	-0.641393	0.928744	-0.759324	1.19964
89	0.74294	-0.669357	0.899696	-0.793566	1.19967
89.1	0.674951	-0.737863	0.815266	-0.880381	1.19989
89.2	0.554689	-0.832058	0.666514	-0.997875	1.2
89.3	0.374573	-0.927197	0.45079	-1.11211	1.2
89.4	0.147297	-0.989092	0.179281	-1.18652	1.19999
89.5	-0.0972914	-0.995256	-0.117912	-1.19419	1.2
89.6	-0.329846	-0.944035	-0.398155	-1.13201	1.19999
89.7	-0.520955	-0.853584	-0.627211	-1.02302	1.19999
89.8	-0.654964	-0.75566	-0.789697	-0.903468	1.19995
89.9	-0.733863	-0.679297	-0.886652	-0.808354	1.19983
90	-0.765816	-0.64306	-0.926668	-0.761915	1.19968
90.1	-0.756238	-0.654296	-0.915864	-0.774794	1.19963
90.2	-0.704633	-0.709572	-0.8523	-0.844458	1.1998
90.3	-0.604363	-0.796709	-0.72748	-0.954323	1.19998
90.4	-0.445724	-0.89517	-0.535344	-1.07397	1.2
90.5	-0.232297	-0.972645	-0.281498	-1.1665	1.19998
90.6	0.00943162	-0.999956	0.0110658	-1.19995	1.2
90.7	0.249757	-0.968309	0.302087	-1.16134	1.19999
90.8	0.458535	-0.888676	0.552224	-1.06537	1.19999
90.9	0.613476	-0.789713	0.739137	-0.945307	1.19997
91	0.71125	-0.702939	0.858743	-0.838016	1.19988
91.1	0.759151	-0.650915	0.91815	-0.772237	1.19973
91.2	0.764184	-0.644998	0.925314	-0.763477	1.19963
91.3	0.728082	-0.68549	0.88141	-0.813905	1.19972
91.4	0.646365	-0.763028	0.779614	-0.912175	1.19994
91.5	0.509455	-0.860497	0.611699	-1.03239	1.2
91.6	0.313576	-0.949563	0.378395	-1.13877	1.19999
91.7	0.0784294	-0.99692	0.0958323	-1.19616	1.19999
91.8	-0.16567	-0.986181	-0.200742	-1.18308	1.19999
91.9	-0.389082	-0.921203	-0.469056	-1.10452	1.19999
92	-0.564615	-0.825354	-0.679898	-0.988786	1.19998
92.1	-0.682279	-0.731092	-0.82314	-0.873072	1.19992
92.2	-0.747046	-0.664772	-0.903013	-0.789969	1.19978
92.3	-0.766902	-0.641765	-0.928295	-0.759885	1.19965
92.4	-0.745717	-0.666263	-0.903094	-0.789683	1.19966
92.5	-0.681229	-0.73207	-0.82312	-0.87302	1.19987
92.6	-0.565266	-0.824908	-0.679442	-0.989115	1.2
92.7	-0.38962	-0.920976	-0.468643	-1.1047	1.2
92.8	-0.165044	-0.986286	-0.200696	-1.18308	1.19999
92.9	0.0790696	-0.996869	0.0957804	-1.19617	1.2
93	0.3134	-0.949621	0.378454	-1.13875	1.19999
93.1	0.50826	-0.861204	0.611935	-1.03223	1.19999
93.2	0.646543	-0.762878	0.779421	-0.912355	1.19995
93.3	0.729244	-0.684254	0.880953	-0.814577	1.19984
93.4	0.764426	-0.644712	0.924899	-0.764079	1.19969
93.5	0.757858	-0.65242	0.917804	-0.772492	1.19963
93.6	0.709504	-0.704702	0.858374	-0.83826	1.19979
93.7	0.613173	-0.789949	0.738393	-0.945897	1.19998
93.8	0.459074	-0.888398	0.551276	-1.06588	1.2
93.9	0.249106	-0.968476	0.301592	-1.16147	1.19998
94	0.00858878	-0.999963	0.0108734	-1.19995	1.2
94.1	-0.23265	-0.97256	-0.281512	-1.1665	1.19999
94.2	-0.444556	-0.895751	-0.535472	-1.07389	1.19999
94.3	-0.603689	-0.79722	-0.727251	-0.954485	1.19997
94.4	-0.705426	-0.708784	-0.851584	-0.845304	1.19989
94.5	-0.756684	-0.65378	-0.91507	-0.775903	1.19974
94.6	-0.764708	-0.644376	-0.925895	-0.762778	1.19963
94.7	-0.731672	-0.681657	-0.885852	-0.809049	1.19971
94.8	-0.653554	-0.756879	-0.788592	-0.904408	1.19993
94.9	-0.521012	-0.85355	-0.625661	-1.02399	1.2
95	-0.329163	-0.944273	-0.396905	-1.13245	1.19999
95.1	-0.0959913	-0.995382	-0.11715	-1.19426	1.19999
95.2	0.148227	-0.988953	0.179644	-1.18647	1.19999
95.3	0.373998	-0.927429	0.451006	-1.11201	1.19999
95.4	0.553468	-0.832871	0.66643	-0.997915	1.19998
95.5	0.675204	-0.737631	0.814476	-0.881169	1.19993
95.6	0.743485	-0.668752	0.898605	-0.794998	1.1998
95.7	0.766373	-0.642396	0.927582	-0.760767	1.19966
95.8	0.748133	-0.663549	0.906042	-0.786288	1.19965
95.9	0.686954	-0.726701	0.830281	-0.866191	1.19986
96	0.575049	-0.818119	0.691434	-0.980768	1.19999
96.1	0.403727	-0.914879	0.485391	-1.09745	1.2
96.2	0.181904	-0.983316	0.221001	-1.17946	1.19998
96.3	-0.0616045	-0.998101	-0.0745501	-1.19768	1.2
96.4	-0.297461	-0.954734	-0.359348	-1.14492	1.19999
96.5	-0.495805	-0.868434	-0.596964	-1.04096	1.19999
96.6	-0.63818	-0.769887	-0.769226	-0.920973	1.19996
96.7	-0.724562	-0.68921	-0.875183	-0.820789	1.19985
96.8	-0.762866	-0.646556	-0.922926	-0.766477	1.1997
96.9	-0.759179	-0.650882	-0.919376	-0.770619	1.19963
97	-0.713904	-0.700243	-0.863855	-0.832586	1.19977
97.1	-0.621284	-0.783585	-0.748462	-0.937941	1.19997
97.2	-0.471522	-0.881854	-0.566164	-1.05804	1.2
97.3	-0.265003	-0.964248	-0.320564	-1.15637	1.19999
97.4	-0.0257974	-0.999667	-0.031821	-1.19958	1.2
97.5	0.216152	-0.97636	0.261648	-1.17112	1.19999
97.6	0.430911	-0.902395	0.519128	-1.08189	1.19999
97.7	0.594023	-0.804448	0.715526	-0.96331	1.19998
97.8	0.699586	-0.714549	0.844411	-0.852482	1.1999
97.9	0.754093	-0.656768	0.911842	-0.779712	1.19975
98	0.76499	-0.644042	0.926181	-0.762438	1.19963
98.1	0.734868	-0.67821	0.889797	-0.80469	1.19969
98.2	0.660142	-0.751141	0.796826	-0.897146	1.19992
98.3	0.531735	-0.846911	0.638651	-1.01593	1.2
98.4	0.34383	-0.939032	0.41431	-1.1262	1.19999
98.5	0.112704	-0.993629	0.137412	-1.1921	1.19999
98.6	-0.131479	-0.991319	-0.159364	-1.18937	1.19999
98.7	-0.359349	-0.933203	-0.433475	-1.11896	1.19999
98.8	-0.542514	-0.840047	-0.65321	-1.00662	1.19999
98.9	-0.668163	-0.744015	-0.805862	-0.889063	1.19994
99	-0.739845	-0.672778	-0.894103	-0.800074	1.19981
99.1	-0.765653	-0.643254	-0.926638	-0.761929	1.19966
99.2	-0.750221	-0.661187	-0.908581	-0.783344	1.19964
99.3	-0.692166	-0.721738	-0.836797	-0.859875	1.19984
99.4	-0.584084	-0.811693	-0.70254	-0.972839	1.19999
99.5	-0.416929	-0.908939	-0.501079	-1.09037	1.2
99.6	-0.197886	-0.980225	-0.240215	-1.17569	1.19998
99.7	0.0449038	-0.998991	0.0542364	-1.19877	1.2
99.8	0.282058	-0.959397	0.340872	-1.15055	1.19999
99.9	0.483627	-0.875274	0.582338	-1.04922	1.19999
100	0.629908	-0.776669	0.759153	-0.929299	1.19996
