0	0.707107	-0.707107	18.0276	-10.7071	20.9675
0.1	0.76474	-0.644339	19.3746	-7.97049	20.95
0.2	0.800085	-0.599887	20.2756	-5.14994	20.9194
0.3	0.819171	-0.573549	20.7431	-2.31665	20.872
0.4	0.827191	-0.561921	20.8006	0.468508	20.8059
0.5	0.82798	-0.560758	20.4795	3.1563	20.7213
0.6	0.824073	-0.566484	19.8141	5.70887	20.6201
0.7	0.816937	-0.576727	18.8377	8.09806	20.5046
0.8	0.80726	-0.590196	17.5805	10.3029	20.377
0.9	0.795228	-0.606311	16.0678	12.3068	20.2394
1	0.780769	-0.62482	14.3203	14.0953	20.0935
1.1	0.763753	-0.645509	12.3541	15.6537	19.9415
1.2	0.744135	-0.668029	10.1823	16.9649	19.7861
1.3	0.722047	-0.691844	7.81587	18.0078	19.6308
1.4	0.697778	-0.716314	5.26571	18.7551	19.4802
1.5	0.671584	-0.740928	2.54574	19.1711	19.3394
1.6	0.643135	-0.765753	-0.323117	19.2109	19.2136
1.7	0.610372	-0.792115	-3.30715	18.8205	19.1088
1.8	0.567418	-0.82343	-6.35299	17.9411	19.0327
1.9	0.50122	-0.86532	-9.38204	16.5221	19
2	0.387566	-0.921842	-12.2929	14.5445	19.0435
2.1	0.192087	-0.981378	-14.9798	12.0499	19.2248
2.2	-0.111438	-0.993771	-17.3554	9.13759	19.6139
2.3	-0.505686	-0.862718	-19.3251	5.90692	20.2077
2.4	-0.881771	-0.471677	-20.6738	2.40495	20.8132
2.5	-0.990486	0.137612	-20.938	-1.31103	20.979
2.6	-0.813771	0.581186	-20.0055	-5.04695	20.6323
2.7	-0.661225	0.750188	-18.3209	-8.63795	20.2551
2.8	-0.675743	0.737138	-16.1042	-11.9893	20.0771
2.9	-0.848731	0.528826	-13.4531	-14.9996	20.1487
3	-0.999752	0.0222543	-10.4736	-17.5915	20.4734
3.1	-0.704454	-0.70975	-7.20785	-19.6229	20.9048
3.2	0.210263	-0.977645	-3.5685	-20.6174	20.924
3.3	0.878157	-0.478373	0.317138	-20.4705	20.473
3.4	0.996532	0.0832084	4.28121	-19.6452	20.1063
3.5	0.930739	0.365685	8.22182	-18.258	20.0238
3.6	0.932918	0.360089	11.996	-16.3015	20.2396
3.7	0.998245	0.0592134	15.421	-13.7966	20.6919
3.8	0.852599	-0.522566	18.0968	-10.6536	20.9998
3.9	0.3407	-0.940172	19.4527	-6.83337	20.6181
4	-0.1336	-0.991035	19.7881	-2.75883	19.9795
4.1	-0.402831	-0.915274	19.4778	1.26628	19.519
4.2	-0.487513	-0.873116	18.6089	5.07064	19.2873
4.3	-0.422751	-0.906246	17.2168	8.51964	19.2094
4.4	-0.221032	-0.975267	15.3798	11.5393	19.2274
4.5	0.102094	-0.994775	13.1915	14.127	19.3284
4.6	0.486518	-0.87367	10.7143	16.3133	19.5172
4.7	0.822682	-0.568501	7.97672	18.1082	19.7873
4.8	0.993525	-0.113616	5.00988	19.479	20.1129
4.9	0.920001	0.391916	1.87641	20.369	20.4553
5	0.58226	0.813003	-1.33058	20.7213	20.764
5.1	0.03467	0.999399	-4.50662	20.477	20.967
5.2	-0.557406	0.83024	-7.55085	19.5677	20.974
5.3	-0.941598	0.33674	-10.3716	17.9741	20.7518
5.4	-0.963979	-0.265979	-12.8955	15.7851	20.383
5.5	-0.669937	-0.742418	-15.0746	13.1322	19.9925
5.6	-0.234818	-0.972039	-16.8822	10.1124	19.6792
5.7	0.15226	-0.98834	-18.2847	6.76268	19.4952
5.8	0.383683	-0.923465	-19.2091	3.09206	19.4563
5.9	0.434747	-0.900552	-19.5652	-0.852363	19.5838
6	0.29234	-0.956314	-19.3035	-4.95684	19.9297
6.1	-0.0793527	-0.996847	-18.3852	-9.05274	20.4931
6.2	-0.629472	-0.777023	-16.5856	-12.8354	20.9721
6.3	-0.965599	-0.260035	-13.5831	-15.7777	20.8192
6.4	-0.995761	0.0919829	-9.79921	-17.8663	20.3772
6.5	-0.99154	0.129799	-5.71089	-19.3054	20.1324
6.6	-0.990106	-0.140323	-1.53537	-20.1329	20.1913
6.7	-0.759244	-0.650806	2.58141	-20.3698	20.5327
6.8	-0.024804	-0.999692	6.51505	-19.9002	20.9396
6.9	0.794688	-0.607018	10.0359	-18.344	20.9098
7	0.994678	0.10303	13.042	-15.8613	20.5348
7.1	0.832327	0.554286	15.6577	-12.8699	20.2681
7.2	0.687037	0.726622	17.8618	-9.52171	20.2412
7.3	0.701594	0.712577	19.5714	-5.9153	20.4458
7.4	0.862283	0.506427	20.684	-2.15781	20.7963
7.5	0.999182	0.0404447	20.9364	1.62414	20.9993
7.6	0.864336	-0.502914	20.0288	5.21768	20.6972
7.7	0.541611	-0.84063	18.2296	8.49391	20.1113
7.8	0.215076	-0.976597	15.8896	11.4455	19.5826
7.9	-0.0344022	-0.999408	13.1606	14.0303	19.2367
8	-0.191475	-0.981497	10.123	16.1536	19.0634
8.1	-0.276666	-0.960966	6.86259	17.7214	19.0038
8.2	-0.321671	-0.946851	3.48316	18.6879	19.0097
8.3	-0.354704	-0.934979	0.0884009	19.0601	19.0603
8.4	-0.39658	-0.918	-3.23306	18.8798	19.1547
8.5	-0.460134	-0.88785	-6.41188	18.206	19.3021
8.6	-0.549731	-0.835342	-9.3968	17.1015	19.5131
8.7	-0.661242	-0.750173	-12.1496	15.6211	19.7897
8.8	-0.782812	-0.622258	-14.6358	13.8032	20.118
8.9	-0.895637	-0.444785	-16.8121	11.6657	20.4631
9	-0.975138	-0.2216	-18.6117	9.20976	20.7657
9.1	-0.999843	0.0177297	-19.9413	6.43802	20.9548
9.2	-0.977343	0.211662	-20.723	3.39096	20.9986
9.3	-0.953462	0.301512	-20.9529	0.156668	20.9535
9.4	-0.966342	0.25726	-20.671	-3.16741	20.9122
9.5	-0.998342	0.0575668	-19.8952	-6.49297	20.9279
9.6	-0.954272	-0.298941	-18.5947	-9.72314	20.9834
9.7	-0.703747	-0.71045	-16.6936	-12.7239	20.9899
9.8	-0.259634	-0.965707	-14.1608	-15.3447	20.8804
9.9	0.171959	-0.985104	-11.0948	-17.5096	20.7288
10	0.435115	-0.900375	-7.6317	-19.2014	20.6624
10.1	0.508068	-0.861317	-3.8809	-20.3738	20.7401
10.2	0.404746	-0.914429	0.0449355	-20.9112	20.9112
10.3	0.15303	-0.988222	3.98457	-20.6178	20.9993
10.4	-0.111986	-0.99371	7.72455	-19.3945	20.8762
10.5	-0.240777	-0.97058	11.1153	-17.4339	20.6758
10.6	-0.192184	-0.981359	14.0931	-14.9789	20.5665
10.7	0.0314593	-0.999505	16.6131	-12.182	20.6009
10.8	0.389743	-0.920924	18.6239	-9.13774	20.7448
10.9	0.757709	-0.652593	20.0521	-5.91802	20.9072
11	0.971692	-0.236251	20.8304	-2.6097	20.9932
11.1	0.986351	0.164654	20.9797	0.679571	20.9907
11.2	0.898601	0.438767	20.6036	3.86119	20.9623
11.3	0.813871	0.581046	19.7974	6.87581	20.9575
11.4	0.782735	0.622355	18.6175	9.67344	20.9806
11.5	0.811559	0.58427	17.0927	12.2	21
11.6	0.879104	0.476631	15.2412	14.3954	20.9647
11.7	0.950088	0.311982	13.0882	16.2075	20.8323
11.8	0.993687	0.112184	10.6738	17.6135	20.5953
11.9	0.995004	-0.099838	8.03965	18.6184	20.2801
12	0.951656	-0.307167	5.21628	19.2329	19.9277
12.1	0.866829	-0.498605	2.22402	19.4553	19.582
12.2	0.745225	-0.666813	-0.916598	19.264	19.2858
12.3	0.589427	-0.807822	-4.16874	18.6179	19.0789
12.4	0.393498	-0.919326	-7.4613	17.4737	19
12.5	0.139492	-0.990223	-10.6866	15.8263	19.0965
12.6	-0.185336	-0.982675	-13.7279	13.7346	19.4189
12.7	-0.555762	-0.831341	-16.4779	11.2717	19.9643
12.8	-0.88471	-0.466142	-18.7868	8.45101	20.6001
12.9	-0.994164	0.107878	-20.3323	5.21057	20.9893
13	-0.794066	0.607831	-20.7699	1.59081	20.8307
13.1	-0.549033	0.8358	-20.3219	-2.16968	20.4374
13.2	-0.449736	0.893162	-19.2584	-5.90629	20.1438
13.3	-0.540918	0.841076	-17.6573	-9.50444	20.0528
13.4	-0.788764	0.614696	-15.5766	-12.8508	20.1934
13.5	-0.997299	0.0734443	-13.0994	-15.8495	20.5621
13.6	-0.706302	-0.707911	-10.2049	-18.3084	20.9604
13.7	0.212962	-0.97706	-6.71088	-19.7403	20.8499
13.8	0.862611	-0.505867	-2.79728	-20.1681	20.3612
13.9	0.999877	0.0156675	1.31143	-19.9819	20.0249
14	0.965558	0.260189	5.5019	-19.2186	19.9906
14.1	0.979875	0.199611	9.62235	-17.8367	20.2666
14.2	0.983491	-0.180958	13.46	-15.8122	20.7653
14.3	0.652377	-0.757894	16.5262	-12.9244	20.9798
14.4	0.049333	-0.998782	18.3197	-9.13463	20.4708
14.5	-0.367677	-0.929954	19.2099	-5.01869	19.8547
14.6	-0.546153	-0.837685	19.4537	-0.90474	19.4748
14.7	-0.540257	-0.8415	19.0819	3.02766	19.3206
14.8	-0.370388	-0.928877	18.1372	6.65188	19.3186
14.9	-0.0366504	-0.999328	16.7216	9.91672	19.441
15	0.406513	-0.913645	14.9315	12.835	19.6898
15.1	0.811999	-0.583659	12.8129	15.4157	20.0453
15.2	0.998796	-0.0490665	10.3865	17.6108	20.4455
15.3	0.850109	0.526606	7.69068	19.3204	20.7948
15.4	0.385949	0.92252	4.78974	20.4317	20.9856
15.5	-0.214902	0.976636	1.75827	20.8791	20.953
15.6	-0.718628	0.695395	-1.32462	20.6862	20.7286
15.7	-0.977583	0.210551	-4.36984	19.9208	20.3944
15.8	-0.948397	-0.317084	-7.28397	18.6529	20.0247
15.9	-0.671206	-0.741271	-9.99244	16.9538	19.6794
16	-0.256124	-0.966644	-12.4574	14.8804	19.4065
16.1	0.155425	-0.987848	-14.6637	12.4432	19.2317
16.2	0.458503	-0.888693	-16.5711	9.59908	19.1505
16.3	0.621377	-0.783512	-18.0815	6.30192	19.1482
16.4	0.651074	-0.759014	-19.07	2.56954	19.2423
16.5	0.532507	-0.846425	-19.4571	-1.49113	19.5142
16.6	0.20356	-0.979062	-19.2285	-5.71156	20.0588
16.7	-0.376097	-0.92658	-18.2689	-9.8623	20.761
16.8	-0.916116	-0.400912	-16.0793	-13.4423	20.958
16.9	-0.983804	0.17925	-12.6374	-16.0748	20.4476
17	-0.906279	0.422679	-8.67333	-18.0075	19.9874
17.1	-0.929423	0.369017	-4.49911	-19.3098	19.827
17.2	-0.999926	0.0121979	-0.299194	-19.9755	19.9778
17.3	-0.796753	-0.604305	3.78099	-20.0734	20.4264
17.4	0.0179684	-0.999839	7.62076	-19.4984	20.9348
17.5	0.874596	-0.484852	10.9449	-17.7646	20.8655
17.6	0.948357	0.317204	13.6929	-15.0963	20.3812
17.7	0.637027	0.770841	16.0582	-11.9644	20.0253
17.8	0.366339	0.930481	18.001	-8.50448	19.9089
17.9	0.276698	0.960957	19.4237	-4.8178	20.0122
18	0.382352	0.924017	20.2867	-1.0295	20.3128
18.1	0.653567	0.756869	20.5546	2.74363	20.7369
18.2	0.947917	0.318516	20.0187	6.34384	20.9998
18.3	0.956087	-0.293082	18.3941	9.50063	20.7027
18.4	0.669424	-0.74288	15.9527	12.1576	20.0573
18.5	0.278983	-0.960296	13.0598	14.4232	19.4573
18.6	-0.10223	-0.994761	9.89236	16.3289	19.0916
18.7	-0.422722	-0.90626	6.57636	17.8291	19.0033
18.8	-0.672292	-0.740286	3.23689	18.874	19.1495
18.9	-0.854	-0.520273	-0.0284477	19.4627	19.4627
19	-0.965591	-0.260066	-3.16951	19.6181	19.8725
19.1	-0.999648	0.0265237	-6.16411	19.3482	20.3064
19.2	-0.947358	0.320176	-8.99016	18.6317	20.6873
19.3	-0.808752	0.58815	-11.6038	17.4246	20.9348
19.4	-0.616921	0.787025	-13.9395	15.7037	20.998
19.5	-0.439975	0.89801	-15.9521	13.5223	20.9123
19.6	-0.334534	0.942384	-17.6345	10.978	20.7723
19.7	-0.326941	0.945045	-18.9834	8.15176	20.6596
19.8	-0.4281	0.903732	-19.9817	5.10574	20.6237
19.9	-0.632881	0.774249	-20.6012	1.89909	20.6886
20	-0.883402	0.468616	-20.7953	-1.40635	20.8428
20.1	-0.996775	-0.0802446	-20.4467	-4.73865	20.9886
20.2	-0.718532	-0.695494	-19.3442	-7.98129	20.9261
20.3	-0.137645	-0.990482	-17.4494	-11.0057	20.6302
20.4	0.372352	-0.928092	-14.9521	-13.7796	20.3333
20.5	0.641749	-0.766915	-11.9768	-16.2837	20.214
20.6	0.696204	-0.717844	-8.57695	-18.4381	20.3354
20.7	0.550601	-0.834769	-4.82127	-20.0998	20.67
20.8	0.148464	-0.988918	-0.809848	-20.9659	20.9816
20.9	-0.351756	-0.936092	3.25438	-20.6083	20.8637
21	-0.630677	-0.776045	7.12291	-19.2119	20.4899
21.1	-0.678737	-0.734382	10.6662	-17.2053	20.2433
21.2	-0.529142	-0.848533	13.8063	-14.7947	20.236
21.3	-0.144123	-0.98956	16.4911	-12.0922	20.4494
21.4	0.431583	-0.902073	18.6513	-9.15086	20.7752
21.5	0.906491	-0.422225	20.1169	-5.98635	20.9887
21.6	0.978467	0.206404	20.7692	-2.67891	20.9413
21.7	0.766113	0.642706	20.7661	0.638528	20.7759
21.8	0.519134	0.854693	20.289	3.87995	20.6567
21.9	0.353003	0.935622	19.4166	6.98365	20.6343
22	0.293603	0.955927	18.1865	9.89143	20.7024
22.1	0.336774	0.941586	16.6253	12.5469	20.8285
22.2	0.468137	0.883656	14.7481	14.8866	20.9551
22.3	0.655202	0.755454	12.561	16.8257	20.9972
22.4	0.838084	0.545541	10.0857	18.2792	20.877
22.5	0.960006	0.279979	7.37769	19.2223	20.5895
22.6	0.999994	-0.00351366	4.49324	19.6891	20.1952
22.7	0.960268	-0.27908	1.46396	19.7146	19.7689
22.8	0.84763	-0.530587	-1.69315	19.3074	19.3815
22.9	0.66638	-0.745612	-4.95313	18.4487	19.102
23	0.413791	-0.910372	-8.25613	17.1127	19.0002
23.1	0.0812227	-0.996696	-11.4955	15.3122	19.147
23.2	-0.320022	-0.94741	-14.5446	13.1118	19.5823
23.3	-0.725618	-0.688098	-17.2665	10.5547	20.2369
23.4	-0.98631	-0.164903	-19.4211	7.59132	20.852
23.5	-0.886534	0.462664	-20.5455	4.14055	20.9585
23.6	-0.565541	0.82472	-20.5604	0.37316	20.5638
23.7	-0.334976	0.942227	-19.8446	-3.45936	20.1439
23.8	-0.291843	0.956466	-18.5406	-7.22775	19.8996
23.9	-0.452331	0.89185	-16.6756	-10.8045	19.8699
24	-0.76935	0.638827	-14.3248	-14.0666	20.0766
24.1	-0.999639	0.026858	-11.6071	-16.9284	20.5255
24.2	-0.602504	-0.798116	-8.50919	-19.1689	20.9726
24.3	0.408696	-0.912671	-4.85275	-20.2082	20.7827
24.4	0.955335	-0.295526	-0.864931	-20.2125	20.231
24.5	0.966854	0.255329	3.26331	-19.6124	19.882
24.6	0.870209	0.492684	7.41282	-18.4069	19.8435
24.7	0.894124	0.44782	11.4125	-16.5629	20.114
24.8	0.995372	0.0960952	15.0667	-14.1165	20.6466
24.9	0.826332	-0.563183	17.9202	-10.9458	20.9987
25	0.228576	-0.973526	19.3059	-6.97811	20.5283
25.1	-0.280171	-0.95995	19.6404	-2.74099	19.8307
25.2	-0.551335	-0.834284	19.3203	1.42792	19.373
25.3	-0.637602	-0.770366	18.4079	5.33434	19.1653
25.4	-0.591896	-0.806014	16.9373	8.82345	19.0978
25.5	-0.426885	-0.904306	15.0086	11.8136	19.1003
25.6	-0.140692	-0.990053	12.7425	14.3077	19.1594
25.7	0.237518	-0.971383	10.2214	16.3584	19.2892
25.8	0.624474	-0.781045	7.4748	18.0092	19.4988
25.9	0.908968	-0.416865	4.51477	19.2554	19.7776
26	0.998345	0.0575091	1.37984	20.0539	20.1013
26.1	0.842883	0.538097	-1.85109	20.3558	20.4398
26.2	0.440269	0.897866	-5.07259	20.1231	20.7526
26.3	-0.145667	0.989334	-8.1694	19.3093	20.9663
26.4	-0.721461	0.692455	-11.0196	17.8374	20.9667
26.5	-0.99602	0.089134	-13.5139	15.6873	20.7055
26.6	-0.850797	-0.525494	-15.6003	12.982	20.2954
26.7	-0.42481	-0.905282	-17.271	9.87463	19.8946
26.8	0.0416955	-0.99913	-18.5188	6.45131	19.6103
26.9	0.370047	-0.929013	-19.2914	2.73555	19.4843
27	0.505436	-0.862864	-19.491	-1.23953	19.5304
27.1	0.446093	-0.894987	-19.046	-5.3738	19.7896
27.2	0.157748	-0.987479	-17.9375	-9.50576	20.3006
27.3	-0.385583	-0.922673	-16.0444	-13.3646	20.8815
27.4	-0.881623	-0.471955	-13.0162	-16.3701	20.9142
27.5	-0.999625	-0.0273761	-9.0817	-18.3216	20.449
27.6	-0.994425	0.105445	-4.82251	-19.5248	20.1115
27.7	-0.99664	-0.0819041	-0.503048	-20.0758	20.0821
27.8	-0.837946	-0.545753	3.71214	-20.0213	20.3625
27.9	-0.213044	-0.977043	7.69937	-19.3453	20.8212
28	0.680919	-0.732359	11.2224	-17.7287	20.9822
28.1	0.999579	0.0290176	14.0718	-15.1076	20.6459
28.2	0.819166	0.573556	16.424	-11.936	20.3031
28.3	0.592222	0.805775	18.331	-8.43193	20.1773
28.4	0.518136	0.855298	19.7295	-4.70563	20.2829
28.5	0.629487	0.777011	20.5612	-0.874014	20.5798
28.6	0.863584	0.504206	20.715	2.93778	20.9223
28.7	0.999924	-0.0123385	19.9005	6.52749	20.9437
28.8	0.851349	-0.524599	18.0499	9.68368	20.4835
28.9	0.548054	-0.836443	15.5318	12.4107	19.8812
29	0.232938	-0.972492	12.5927	14.7513	19.3952
29.1	-0.0290276	-0.999579	9.3474	16.6663	19.1086
29.2	-0.227304	-0.973824	5.89037	18.0676	19.0035
29.3	-0.385168	-0.922846	2.33827	18.8909	19.035
29.4	-0.53011	-0.847929	-1.18656	19.1413	19.178
29.5	-0.67412	-0.738622	-4.58757	18.8748	19.4243
29.6	-0.811625	-0.584179	-7.80295	18.1541	19.76
29.7	-0.925513	-0.378716	-10.7919	17.0183	20.1516
29.8	-0.992213	-0.124552	-13.5118	15.4723	20.5416
29.9	-0.987265	0.159085	-15.8951	13.4916	20.8489
30	-0.906438	0.42234	-17.8458	11.0552	20.9926
30.1	-0.798058	0.602581	-19.2953	8.20858	20.9688
30.2	-0.73772	0.675106	-20.2506	5.06218	20.8738
30.3	-0.769134	0.639088	-20.7397	1.72338	20.8112
30.4	-0.88354	0.468355	-20.7633	-1.72141	20.8345
30.5	-0.993887	0.110406	-20.279	-5.18918	20.9324
30.6	-0.909699	-0.415267	-19.1714	-8.57056	21
30.7	-0.500781	-0.865574	-17.3071	-11.7075	20.895
30.8	0.0320468	-0.999486	-14.7389	-14.4835	20.6642
30.9	0.413704	-0.910411	-11.6347	-16.874	20.4963
31	0.570559	-0.821257	-8.10981	-18.8393	20.5107
31.1	0.523002	-0.852331	-4.2541	-20.2734	20.715
31.2	0.263565	-0.964642	-0.182857	-20.9597	20.9605
31.3	-0.126353	-0.991985	3.9058	-20.5813	20.9486
31.4	-0.39957	-0.916703	7.77216	-19.1711	20.6866
31.5	-0.458616	-0.888635	11.2837	-17.0787	20.4696
31.6	-0.309344	-0.95095	14.3705	-14.5341	20.439
31.7	0.0507461	-0.998712	16.9719	-11.6605	20.5916
31.8	0.540983	-0.841034	19.0053	-8.52669	20.8304
31.9	0.91908	-0.394072	20.3357	-5.18943	20.9874
32	0.989954	0.141389	20.8997	-1.75606	20.9734
32.1	0.850689	0.52567	20.8191	1.64853	20.8843
32.2	0.687372	0.726305	20.2382	4.94108	20.8327
32.3	0.595834	0.803107	19.2332	8.05895	20.8534
32.4	0.599536	0.800348	17.8395	10.9386	20.9261
32.5	0.685603	0.727976	16.0717	13.5057	20.9929
32.6	0.814027	0.580827	13.9391	15.6716	20.9738
32.7	0.928825	0.370517	11.4746	17.3642	20.8131
32.8	0.991408	0.130806	8.74044	18.5686	20.5229
32.9	0.994254	-0.107045	5.79498	19.3082	20.1591
33	0.945722	-0.324977	2.67542	19.6001	19.7818
33.1	0.857636	-0.514257	-0.591735	19.4332	19.4422
33.2	0.739953	-0.672658	-3.97087	18.7646	19.1802
33.3	0.593949	-0.804503	-7.39451	17.5308	19.0265
33.4	0.401182	-0.915998	-10.7501	15.6867	19.0167
33.5	0.123143	-0.992389	-13.9021	13.2656	19.2158
33.6	-0.261885	-0.965099	-16.7322	10.3807	19.6908
33.7	-0.700528	-0.713625	-19.1012	7.12313	20.3862
33.8	-0.991115	-0.133011	-20.6607	3.48729	20.953
33.9	-0.85885	0.512226	-20.8348	-0.469279	20.84
34	-0.5656	0.82468	-19.85	-4.47734	20.3487
34.1	-0.419536	0.907739	-18.146	-8.3536	19.9765
34.2	-0.495692	0.868499	-15.8379	-11.9618	19.8475
34.3	-0.763436	0.645883	-13.015	-15.1623	19.9821
34.4	-0.997416	0.0718468	-9.8291	-17.8725	20.397
34.5	-0.650999	-0.759079	-6.34966	-19.93	20.9171
34.6	0.392224	-0.91987	-2.47242	-20.7137	20.8607
34.7	0.968499	-0.249017	1.61491	-20.2386	20.3029
34.8	0.937493	0.348003	5.75023	-19.0643	19.9126
34.9	0.794924	0.606709	9.80118	-17.2507	19.8406
35	0.804528	0.593915	13.5805	-14.7936	20.0818
35.1	0.954644	0.297749	16.9018	-11.7724	20.5976
35.2	0.934402	-0.356221	19.3463	-8.16668	20.9993
35.3	0.436968	-0.899477	20.1967	-3.99052	20.5871
35.4	-0.0913572	-0.995818	19.8653	0.32089	19.8678
35.5	-0.414978	-0.909831	18.8442	4.48311	19.3701
35.6	-0.549286	-0.835634	17.2385	8.30733	19.1358
35.7	-0.549958	-0.835192	15.0956	11.6234	19.052
35.8	-0.449854	-0.893102	12.519	14.3322	19.0299
35.9	-0.260293	-0.96553	9.63344	16.4159	19.0338
36	0.00610562	-0.999981	6.53449	17.9045	19.0597
36.1	0.318064	-0.948069	3.27267	18.8325	19.1147
36.2	0.624694	-0.780869	-0.129113	19.2049	19.2054
36.3	0.868313	-0.496017	-3.6388	18.9895	19.335
36.4	0.993679	-0.112259	-7.18396	18.1395	19.5103
36.5	0.943133	0.332415	-10.6456	16.6327	19.7478
36.6	0.651242	0.75887	-13.8781	14.5029	20.0733
36.7	0.0761873	0.997094	-16.7328	11.8348	20.4952
36.8	-0.661767	0.749709	-19.0152	8.69653	20.9095
36.9	-0.992739	-0.120289	-20.3137	5.04699	20.9313
37	-0.490052	-0.871693	-20.4034	0.987505	20.4273
37.1	0.245599	-0.969371	-19.6255	-3.23632	19.8906
37.2	0.697504	-0.716581	-18.1166	-7.50098	19.6081
37.3	0.840063	-0.542489	-15.7843	-11.6615	19.6248
37.4	0.771971	-0.635657	-12.6147	-15.4949	19.9806
37.5	0.387677	-0.921795	-8.72259	-18.7264	20.6582
37.6	-0.413383	-0.910557	-4.11081	-20.5658	20.9726
37.7	-0.897252	-0.441518	0.938815	-20.3571	20.3787
37.8	-0.983131	-0.182903	5.83793	-18.9838	19.8612
37.9	-0.956269	-0.292488	10.3025	-16.8225	19.7266
38	-0.719302	-0.694697	14.1558	-14.0638	19.9543
38.1	-0.0223404	-0.99975	17.3516	-10.9067	20.4947
38.2	0.844364	-0.53577	19.6456	-7.35591	20.9776
38.3	0.892895	0.450266	20.5237	-3.37465	20.7993
38.4	0.31767	0.948201	20.3167	0.750412	20.3305
38.5	-0.226904	0.973917	19.4025	4.80627	19.9889
38.6	-0.568861	0.822434	17.8502	8.61589	19.8208
38.7	-0.74654	0.665341	15.7223	12.0133	19.7866
38.8	-0.825447	0.56448	13.133	14.888	19.8526
38.9	-0.847595	0.530643	10.2132	17.1937	19.9984
39	-0.830741	0.55666	7.07764	18.9267	20.2067
39.1	-0.777027	0.629467	3.81309	20.0956	20.4542
39.2	-0.68107	0.732218	0.484474	20.6982	20.7039
39.3	-0.539265	0.842136	-2.84826	20.7084	20.9034
39.4	-0.364882	0.931054	-6.11023	20.0881	20.9968
39.5	-0.198003	0.980201	-9.21091	18.8343	20.9659
39.6	-0.0855037	0.996338	-12.072	17.0065	20.8555
39.7	-0.0573794	0.998352	-14.6383	14.6877	20.7366
39.8	-0.131368	0.991334	-16.8613	11.9508	20.667
39.9	-0.320458	0.947263	-18.6875	8.86253	20.6825
40	-0.614915	0.788594	-20.0541	5.49163	20.7924
40.1	-0.917618	0.397463	-20.8607	1.90485	20.9475
40.2	-0.970267	-0.242039	-20.9075	-1.82583	20.987
40.3	-0.589401	-0.807841	-20.0131	-5.5745	20.7749
40.4	-0.0375009	-0.999297	-18.2772	-9.20375	20.4638
40.5	0.357291	-0.933993	-15.8674	-12.6284	20.2793
40.6	0.502675	-0.864475	-12.858	-15.7471	20.3298
40.7	0.406512	-0.913646	-9.30309	-18.3986	20.6169
40.8	0.047484	-0.998872	-5.26278	-20.281	20.9527
40.9	-0.421409	-0.906871	-0.865108	-20.9019	20.9198
41	-0.675906	-0.736988	3.57727	-20.2795	20.5926
41.1	-0.690277	-0.723546	7.79954	-18.8322	20.3834
41.2	-0.476233	-0.879319	11.651	-16.7831	20.4308
41.3	0.0212861	-0.999773	15.014	-14.2368	20.6907
41.4	0.660565	-0.750769	17.7096	-11.207	20.9577
41.5	0.992408	-0.122991	19.4963	-7.7128	20.9665
41.6	0.901518	0.432741	20.4157	-3.94876	20.7941
41.7	0.689971	0.723837	20.6727	-0.107818	20.673
41.8	0.561305	0.827609	20.3561	3.68508	20.687
41.9	0.571638	0.820506	19.4862	7.3197	20.8156
42	0.703885	0.710314	18.047	10.671	20.9658
42.1	0.878808	0.477176	15.9957	13.5722	20.9778
42.2	0.985978	0.166875	13.3614	15.8783	20.752
42.3	0.991706	-0.12853	10.2855	17.5809	20.3686
42.4	0.932133	-0.362117	6.89375	18.7287	19.9571
42.5	0.850022	-0.526748	3.25939	19.3276	19.6005
42.6	0.776467	-0.630158	-0.55785	19.3253	19.3333
42.7	0.72742	-0.686192	-4.47451	18.6255	19.1554
42.8	0.700795	-0.713362	-8.3587	17.1171	19.049
42.9	0.675311	-0.737533	-12.0222	14.7147	19.0015
43	0.607155	-0.794583	-15.2384	11.4086	19.0359
43.1	0.417843	-0.908519	-17.8094	7.32363	19.2564
43.2	0.00619619	-0.999981	-19.6455	2.71613	19.8324
43.3	-0.62669	-0.779269	-20.5795	-2.15189	20.6917
43.4	-0.999741	0.0227695	-19.76	-6.90929	20.9331
43.5	-0.761283	0.64842	-16.9572	-11.0859	20.2594
43.6	-0.549031	0.835802	-13.2211	-14.6374	19.7243
43.7	-0.610038	0.792372	-8.87326	-17.4208	19.5504
43.8	-0.886	0.463686	-4.15539	-19.2673	19.7103
43.9	-0.952218	-0.305421	0.618865	-20.2436	20.2531
44	-0.0966424	-0.995319	5.22536	-20.2742	20.9368
44.1	0.932286	-0.361722	9.32896	-18.5137	20.7313
44.2	0.824931	0.565233	12.8233	-15.436	20.0676
44.3	0.333423	0.942777	15.8359	-11.6934	19.6853
44.4	0.0106426	0.999943	18.1485	-7.42722	19.6095
44.5	-0.045583	0.998961	19.5819	-2.84313	19.7872
44.6	0.155415	0.987849	20.1383	1.81542	20.2199
44.7	0.5875	0.809224	19.8062	6.34466	20.7976
44.8	0.977146	0.212571	18.1973	10.3844	20.9518
44.9	0.883585	-0.46827	15.1673	13.5309	20.3256
45	0.526363	-0.85026	11.3818	15.9473	19.5924
45.1	0.151407	-0.988472	7.16741	17.7405	19.1337
45.2	-0.167894	-0.985805	2.68831	18.8092	19.0003
45.3	-0.460088	-0.887874	-1.85315	19.0636	19.1534
45.4	-0.746904	-0.664932	-6.25547	18.5615	19.5872
45.5	-0.964481	-0.264154	-10.3802	17.3808	20.2445
45.6	-0.948399	0.317078	-14.0497	15.4286	20.867
45.7	-0.553417	0.832904	-16.843	12.4368	20.937
45.8	-0.0848675	0.996392	-18.5917	8.57918	20.4756
45.9	0.185755	0.982596	-19.5391	4.2885	20.0042
46	0.241586	0.970379	-19.7215	-0.244654	19.723
46.1	0.0771269	0.997021	-19.0495	-4.84852	19.6569
46.2	-0.332557	0.943083	-17.5136	-9.2946	19.8272
46.3	-0.862475	0.5061	-15.2629	-13.3729	20.2926
46.4	-0.873232	-0.487305	-12.3792	-16.8462	20.9055
46.5	0.19507	-0.980789	-8.50161	-18.991	20.8071
46.6	0.938478	-0.34534	-3.89582	-19.7523	20.1328
46.7	0.953286	0.302068	1.02429	-19.6978	19.7244
46.8	0.83182	0.555046	6.05256	-18.7515	19.7041
46.9	0.886957	0.461851	10.9079	-16.8466	20.0696
47	0.999273	-0.0381279	15.2724	-14.048	20.7508
47.1	0.601811	-0.798639	18.3084	-10.0979	20.9085
47.2	-0.110548	-0.993871	19.4498	-5.16443	20.1237
47.3	-0.513248	-0.85824	19.4717	-0.08198	19.4719
47.4	-0.635878	-0.771789	18.577	4.78376	19.1831
47.5	-0.5701	-0.821575	16.7669	9.14985	19.101
47.6	-0.333401	-0.942785	14.1731	12.8253	19.1146
47.7	0.0780844	-0.996947	10.9979	15.7589	19.2171
47.8	0.582921	-0.812529	7.40419	17.9883	19.4525
47.9	0.955073	-0.296371	3.50201	19.5408	19.8521
48	0.903282	0.429047	-0.584701	20.3736	20.382
48.1	0.260353	0.965513	-4.66761	20.3489	20.8774
48.2	-0.654663	0.755921	-8.48438	19.1596	20.9541
48.3	-0.996554	-0.0829507	-11.8111	16.741	20.4881
48.4	-0.625152	-0.780503	-14.6231	13.5044	19.9048
48.5	-0.00910584	-0.999959	-16.8994	9.71072	19.4907
48.6	0.449728	-0.893165	-18.5291	5.416	19.3044
48.7	0.644929	-0.764242	-19.3042	0.661808	19.3155
48.8	0.604954	-0.79626	-19.072	-4.37648	19.5677
48.9	0.273029	-0.962006	-17.8496	-9.42185	20.1837
49	-0.442764	-0.896638	-15.5147	-14.0434	20.9266
49.1	-0.968265	-0.249926	-11.5356	-17.2302	20.7353
49.2	-0.974795	0.223103	-6.55908	-18.9815	20.0828
49.3	-0.962118	0.272633	-1.34265	-19.7237	19.7694
49.4	-0.996862	-0.079158	3.77934	-19.5005	19.8633
49.5	-0.684968	-0.728574	8.56986	-18.4584	20.3508
49.6	0.324479	-0.945893	12.8017	-16.5766	20.9444
49.7	0.998321	-0.0579235	15.9199	-13.3751	20.7927
49.8	0.678469	0.734629	17.9868	-9.28645	20.2426
49.9	0.177188	0.984177	19.3192	-4.81086	19.9092
50	-0.117134	0.993116	19.8489	-0.171362	19.8497
50.1	-0.170061	0.985434	19.5346	4.41009	20.0262
50.2	-0.00137412	0.999999	18.4384	8.74445	20.4068
50.3	0.381683	0.924293	16.5808	12.6542	20.8578
50.4	0.828191	0.560446	13.8033	15.7804	20.9655
50.5	0.999754	0.022192	10.1453	17.8087	20.4958
50.6	0.913868	-0.40601	5.99854	18.9368	19.8642
50.7	0.736919	-0.675981	1.56985	19.3067	19.3704
50.8	0.561898	-0.827207	-3.01385	18.8505	19.09
50.9	0.399545	-0.916713	-7.56429	17.4293	19
51	0.184407	-0.98285	-11.829	15.0071	19.1086
51.1	-0.17255	-0.985001	-15.5954	11.7483	19.5253
51.2	-0.663761	-0.747945	-18.7061	7.88192	20.2988
51.3	-0.999047	-0.0436461	-20.6894	3.46228	20.9771
51.4	-0.725293	0.688441	-20.6187	-1.37387	20.6644
51.5	-0.35663	0.934246	-19.0523	-6.17	20.0265
51.6	-0.257154	0.96637	-16.5267	-10.6656	19.6694
51.7	-0.471843	0.881682	-13.1414	-14.5935	19.6384
51.8	-0.879062	0.476708	-9.12047	-17.7463	19.9528
51.9	-0.896562	-0.442919	-4.77016	-20.0642	20.6235
52	0.209167	-0.97788	-0.187819	-20.9739	20.9748
52.1	0.989773	-0.142648	4.45047	-19.841	20.334
52.2	0.78165	0.623717	8.97135	-17.6226	19.7748
52.3	0.436942	0.89949	13.1519	-14.5384	19.6046
52.4	0.356983	0.934111	16.6656	-10.643	19.7741
52.5	0.588455	0.80853	19.3277	-6.18011	20.2917
52.6	0.956339	0.29226	20.8863	-1.38064	20.9318
52.7	0.838157	-0.545429	20.4372	3.43945	20.7246
52.8	0.317022	-0.948418	18.2516	7.90313	19.8892
52.9	-0.108677	-0.994077	15.192	11.8858	19.289
53	-0.346287	-0.938129	11.4816	15.1895	19.0407
53.1	-0.465644	-0.884972	7.26376	17.5611	19.004
53.2	-0.559232	-0.829011	2.77327	18.8914	19.0939
53.3	-0.684333	-0.72917	-1.74192	19.2428	19.3215
53.4	-0.844019	-0.536314	-6.09694	18.7615	19.7273
53.5	-0.978646	-0.205552	-10.1706	17.557	20.2901
53.6	-0.962748	0.2704	-13.8146	15.5945	20.8335
53.7	-0.675501	0.737359	-16.7051	12.6979	20.9832
53.8	-0.29894	0.954272	-18.6236	8.96728	20.67
53.9	-0.085702	0.996321	-19.7244	4.78089	20.2955
54	-0.0933468	0.995634	-20.0832	0.359458	20.0864
54.1	-0.334089	0.942541	-19.6815	-4.12469	20.1091
54.2	-0.753011	0.658008	-18.5419	-8.4829	20.3902
54.3	-0.995576	-0.0939587	-16.6753	-12.5096	20.846
54.4	-0.391922	-0.919998	-13.7782	-15.7796	20.9484
54.5	0.551228	-0.834355	-9.7994	-17.9476	20.4486
54.6	0.949775	-0.312934	-5.23358	-19.3331	20.0289
54.7	0.999906	-0.0137169	-0.30359	-19.9712	19.9735
54.8	0.994918	-0.100686	4.78625	-19.738	20.3101
54.9	0.826984	-0.562225	9.71299	-18.4798	20.8769
55	0.201655	-0.979457	13.7755	-15.6679	20.8626
55.1	-0.363013	-0.931784	16.6011	-11.5252	20.2095
55.2	-0.567168	-0.823602	18.4847	-6.90839	19.7335
55.3	-0.491794	-0.870711	19.4658	-2.17238	19.5866
55.4	-0.137293	-0.99053	19.5629	2.45941	19.7169
55.5	0.454428	-0.890784	18.8971	6.84655	20.0992
55.6	0.950963	-0.309305	17.529	10.8786	20.6303
55.7	0.830877	0.556456	15.3558	14.3052	20.9866
55.8	0.0961893	0.995363	12.3172	16.8272	20.8535
55.9	-0.601657	0.798754	8.69797	18.5052	20.4474
56	-0.952856	0.303422	4.78919	19.4614	20.042
56.1	-0.97663	-0.214926	0.790054	19.7069	19.7227
56.2	-0.787699	-0.61606	-3.13902	19.2452	19.4996
56.3	-0.512548	-0.858658	-6.87597	18.102	19.3639
56.4	-0.256005	-0.966675	-10.3319	16.3098	19.3069
56.5	-0.0879812	-0.996122	-13.4295	13.9036	19.3304
56.6	-0.0474797	-0.998872	-16.0924	10.9409	19.4595
56.7	-0.154813	-0.987944	-18.2554	7.51906	19.7432
56.8	-0.409681	-0.912229	-19.8567	3.75805	20.2092
56.9	-0.753558	-0.657382	-20.749	-0.231543	20.7503
57	-0.986431	-0.164176	-20.5538	-4.30177	20.9991
57.1	-0.959413	0.282005	-19.0718	-8.19977	20.7598
57.2	-0.892663	0.450725	-16.7209	-11.775	20.4509
57.3	-0.93535	0.353722	-13.8072	-14.9537	20.3531
57.4	-0.999322	-0.0368288	-10.4815	-17.6462	20.5243
57.5	-0.746578	-0.665298	-6.82967	-19.7178	20.8671
57.6	0.0638077	-0.997962	-2.84951	-20.7846	20.9791
57.7	0.781496	-0.62391	1.33156	-20.6163	20.6593
57.8	0.993343	-0.115192	5.52629	-19.5947	20.3591
57.9	0.991	0.133863	9.61041	-17.9135	20.3286
58	0.997691	0.0679107	13.4201	-15.6064	20.583
58.1	0.951603	-0.307329	16.684	-12.656	20.9412
58.2	0.627555	-0.778572	18.8708	-8.9751	20.8964
58.3	0.191046	-0.981581	19.8229	-4.80106	20.3961
58.4	-0.0810694	-0.996708	19.9136	-0.53436	19.9208
58.5	-0.144376	-0.989523	19.3188	3.61316	19.6538
58.6	-0.0127595	-0.999919	18.0929	7.49619	19.5844
58.7	0.284788	-0.958591	16.3023	11.018	19.6764
58.8	0.662247	-0.749286	14.0274	14.1293	19.9099
58.9	0.951013	-0.309151	11.3357	16.7835	20.253
59	0.958175	0.286184	8.29191	18.8931	20.6326
59.1	0.581421	0.813603	4.97901	20.3241	20.9251
59.2	-0.0664272	0.997791	1.49598	20.9367	20.99
59.3	-0.666677	0.745347	-2.04574	20.6977	20.7986
59.4	-0.973372	0.229233	-5.52563	19.7043	20.4644
59.5	-0.949079	-0.31504	-8.82362	18.0695	20.1088
59.6	-0.691857	-0.722035	-11.8382	15.8839	19.8102
59.7	-0.355598	-0.934639	-14.4941	13.2112	19.6115
59.8	-0.0782677	-0.996932	-16.725	10.0885	19.5321
59.9	0.0605132	-0.998167	-18.4586	6.55444	19.5878
60	0.028458	-0.999595	-19.629	2.68601	19.8119
60.1	-0.18742	-0.98228	-20.1831	-1.39709	20.2314
60.2	-0.561845	-0.827242	-19.9983	-5.54167	20.7519
60.3	-0.912109	-0.409949	-18.7342	-9.48584	20.9989
60.4	-0.999475	0.0323885	-16.2486	-12.9084	20.752
60.5	-0.978793	0.204854	-13.0096	-15.772	20.4452
60.6	-0.99684	0.0794406	-9.35233	-18.0916	20.3659
60.7	-0.940434	-0.339976	-5.44974	-19.825	20.5604
60.8	-0.489139	-0.872206	-1.41092	-20.851	20.8986
60.9	0.369222	-0.929341	2.66763	-20.7968	20.9672
61	0.914812	-0.403879	6.60743	-19.5766	20.6616
61.1	0.996282	0.0861559	10.3374	-17.5984	20.4099
61.2	0.956823	0.290672	13.7843	-15.0539	20.4114
61.3	0.977909	0.209032	16.8078	-12.0145	20.6604
61.4	0.987416	-0.158143	19.1559	-8.51912	20.9648
61.5	0.764912	-0.644135	20.3679	-4.60931	20.8829
61.6	0.395238	-0.918579	20.3914	-0.52498	20.3981
61.7	0.115136	-0.99335	19.6087	3.47889	19.9149
61.8	-0.00285985	-0.999996	18.2121	7.25919	19.6055
61.9	0.0425365	-0.999095	16.2678	10.6945	19.4683
62	0.231663	-0.972796	13.8332	13.69	19.4621
62.1	0.519256	-0.854619	10.9782	16.1927	19.5633
62.2	0.815284	-0.579061	7.77176	18.1721	19.7643
62.3	0.990786	-0.135439	4.28753	19.591	20.0547
62.4	0.916757	0.399445	0.624718	20.3973	20.4069
62.5	0.517004	0.855983	-3.08502	20.5289	20.7595
62.6	-0.153081	0.988214	-6.6863	19.891	20.9848
62.7	-0.785657	0.618663	-10.0127	18.363	20.9154
62.8	-0.99831	-0.0581092	-12.9373	15.9875	20.5663
62.9	-0.760719	-0.649081	-15.4053	12.9721	20.1395
63	-0.318413	-0.947952	-17.3815	9.48528	19.8012
63.1	0.0674271	-0.997724	-18.8093	5.6105	19.6282
63.2	0.261967	-0.965077	-19.5967	1.4082	19.6473
63.3	0.231956	-0.972726	-19.664	-3.01033	19.8931
63.4	-0.044076	-0.999028	-18.9682	-7.47031	20.3862
63.5	-0.544625	-0.838679	-17.3436	-11.692	20.9166
63.6	-0.934577	-0.35576	-14.4179	-15.1273	20.8977
63.7	-0.999748	0.0224353	-10.4851	-17.5852	20.4738
63.8	-0.998071	0.0620844	-6.13134	-19.2679	20.22
63.9	-0.971436	-0.237302	-1.63594	-20.2263	20.2923
64	-0.646262	-0.763116	2.81864	-20.4607	20.6539
64.1	0.203521	-0.979071	7.05497	-19.7689	20.99
64.2	0.910143	-0.414294	10.7949	-17.8008	20.8182
64.3	0.96759	0.252525	13.9967	-14.9212	20.4585
64.4	0.803603	0.595165	16.7281	-11.5048	20.3025
64.5	0.745112	0.666939	18.9112	-7.69915	20.4184
64.6	0.856732	0.515762	20.4212	-3.6353	20.7423
64.7	0.996085	0.0884035	20.991	0.540779	20.9979
64.8	0.89024	-0.455493	20.2447	4.58481	20.7574
64.9	0.601702	-0.798721	18.4146	8.2953	20.1968
65	0.338341	-0.941024	15.9016	11.6202	19.6949
65.1	0.187534	-0.982258	12.8678	14.4841	19.3745
65.2	0.164613	-0.986358	9.38972	16.759	19.2102
65.3	0.252368	-0.967631	5.55198	18.3174	19.1404
65.4	0.420455	-0.907313	1.46085	19.0656	19.1215
65.5	0.630996	-0.775786	-2.76435	18.9339	19.1346
65.6	0.837881	-0.545853	-6.98318	17.8615	19.1781
65.7	0.980367	-0.197182	-11.0143	15.8068	19.2658
65.8	0.962467	0.271397	-14.6324	12.7934	19.4365
65.9	0.630684	0.77604	-17.614	8.96937	19.7662
66	-0.133316	0.991074	-19.8041	4.60488	20.3324
66.1	-0.948181	0.317732	-20.9451	-0.0336283	20.9451
66.2	-0.555539	-0.83149	-20.1697	-4.74121	20.7194
66.3	0.462569	-0.886583	-17.7234	-9.20939	19.9733
66.4	0.930131	-0.367228	-14.2671	-13.369	19.5519
66.5	0.996768	-0.0803302	-9.79768	-16.9172	19.5496
66.6	0.968811	-0.247802	-4.47036	-19.494	20
66.7	0.596128	-0.802889	1.32451	-20.7896	20.8318
66.8	-0.361181	-0.932496	6.9135	-19.5626	20.7483
66.9	-0.845719	-0.533629	11.7139	-16.0982	19.909
67	-0.918459	-0.395517	15.5815	-11.6983	19.4841
67.1	-0.773949	-0.633247	18.2657	-6.7563	19.4752
67.2	-0.222434	-0.974948	19.7664	-1.64253	19.8345
67.3	0.679819	-0.73338	20.252	3.3813	20.5323
67.4	0.924292	0.381686	19.4028	8.03312	21
67.5	0.0313754	0.999508	16.8098	11.8846	20.5867
67.6	-0.749887	0.661566	13.1994	14.994	19.9761
67.7	-0.999517	0.0310632	9.03728	17.3303	19.5451
67.8	-0.86442	-0.502771	4.56822	18.7453	19.2939
67.9	-0.556218	-0.831036	0.0109579	19.1609	19.1609
68	-0.224917	-0.974378	-4.45387	18.5734	19.1
68.1	0.0396791	-0.999212	-8.67331	17.0031	19.0875
68.2	0.186937	-0.982372	-12.4894	14.4873	19.1276
68.3	0.180332	-0.983606	-15.7404	11.1214	19.2729
68.4	-0.0212818	-0.999774	-18.31	7.09474	19.6365
68.5	-0.432937	-0.901424	-20.1176	2.63609	20.2896
68.6	-0.902066	-0.431599	-20.8353	-2.06478	20.9373
68.7	-0.958066	0.286547	-19.7126	-6.66088	20.8076
68.8	-0.756226	0.65431	-17.1257	-10.8365	20.2663
68.9	-0.716333	0.697759	-13.7333	-14.4864	19.9614
69	-0.890456	0.455069	-9.77628	-17.4626	20.0129
69.1	-0.98201	-0.188829	-5.48421	-19.6755	20.4255
69.2	-0.346707	-0.937974	-1.01925	-20.9267	20.9515
69.3	0.726423	-0.687248	3.50946	-20.4927	20.791
69.4	0.992509	0.122175	7.85873	-18.6623	20.2494
69.5	0.803253	0.595638	11.9522	-16.0086	19.9783
69.6	0.700886	0.713273	15.5923	-12.6376	20.0706
69.7	0.828265	0.560336	18.5654	-8.68062	20.4945
69.8	0.999498	0.0316678	20.5312	-4.27074	20.9707
69.9	0.75863	-0.651522	20.7308	0.403147	20.7347
70	0.300196	-0.953877	19.4042	4.96524	20.0294
70.1	-0.0166465	-0.999861	17.191	9.19312	19.4947
70.2	-0.126487	-0.991968	14.2651	12.8963	19.2303
70.3	-0.0546767	-0.998504	10.7089	15.8581	19.1353
70.4	0.161822	-0.98682	6.6576	17.9289	19.1251
70.5	0.476608	-0.879116	2.27013	19.0403	19.1752
70.6	0.804984	-0.593296	-2.29863	19.1644	19.3018
70.7	0.996191	-0.0872029	-6.87737	18.2978	19.5475
70.8	0.830363	0.557223	-11.2555	16.4924	19.9672
70.9	0.126081	0.99202	-15.1847	13.8598	20.5589
71	-0.82771	0.561157	-18.2405	10.3996	20.9968
71.1	-0.829582	-0.558385	-19.7388	5.95619	20.6179
71.2	-0.00617708	-0.999981	-19.9087	0.972275	19.9324
71.3	0.625121	-0.780528	-19.0782	-4.21241	19.5377
71.4	0.838761	-0.544499	-17.1058	-9.37577	19.5068
71.5	0.780624	-0.625002	-13.9255	-14.1797	19.8742
71.6	0.330185	-0.943916	-9.71708	-18.237	20.6643
71.7	-0.587012	-0.809578	-4.46243	-20.4305	20.9122
71.8	-0.97228	-0.233822	1.40297	-20.0923	20.1412
71.9	-0.998891	-0.0470739	7.02985	-18.3648	19.6643
72	-0.944915	-0.327315	12.0034	-15.5701	19.6598
72.1	-0.496019	-0.868312	16.1059	-12.0208	20.0972
72.2	0.541423	-0.84075	19.2261	-7.97407	20.8141
72.3	0.959073	0.283158	20.6246	-3.35941	20.8964
72.4	0.244485	0.969653	20.2374	1.50123	20.293
72.5	-0.459333	0.888264	18.8064	6.25777	19.8202
72.6	-0.821778	0.569807	16.4766	10.608	19.5961
72.7	-0.952852	0.303434	13.3614	14.2714	19.5499
72.8	-0.986088	0.166223	9.67533	17.0876	19.6367
72.9	-0.986881	0.161448	5.65429	19.0266	19.849
73	-0.96088	0.276964	1.48911	20.1263	20.1813
73.1	-0.870655	0.491894	-2.68469	20.4095	20.5853
73.2	-0.657903	0.753102	-6.74061	19.8057	20.9213
73.3	-0.329178	0.944268	-10.4826	18.1753	20.9816
73.4	-0.0363342	0.99934	-13.7219	15.5837	20.764
73.5	0.102709	0.994711	-16.4022	12.2902	20.4959
73.6	0.061163	0.998128	-18.4856	8.48267	20.3389
73.7	-0.179665	0.983728	-19.9019	4.30525	20.3623
73.8	-0.604903	0.796299	-20.5857	-0.0804322	20.5858
73.9	-0.98164	0.190746	-20.4248	-4.49598	20.9137
74	-0.729739	-0.683726	-19.0541	-8.69738	20.9452
74.1	0.0676481	-0.997709	-16.3557	-12.4115	20.5318
74.2	0.633972	-0.773356	-12.7644	-15.6221	20.1737
74.3	0.823543	-0.567253	-8.5025	-18.2598	20.1423
74.4	0.7651	-0.643911	-3.71648	-20.1353	20.4754
74.5	0.379269	-0.925286	1.36819	-20.9008	20.9456
74.6	-0.262852	-0.964836	6.32365	-19.8492	20.8321
74.7	-0.614245	-0.789115	10.7463	-17.2493	20.3229
74.8	-0.634685	-0.772771	14.5074	-13.8387	20.0493
74.9	-0.356223	-0.934401	17.5037	-9.93568	20.127
75	0.257295	-0.966333	19.6774	-5.74738	20.4996
75.1	0.896452	-0.44314	20.8729	-1.41297	20.9207
75.2	0.900769	0.434298	20.7484	2.89803	20.9499
75.3	0.377533	0.925996	19.4401	6.97718	20.6543
75.4	-0.128374	0.991726	17.3423	10.727	20.3918
75.5	-0.445383	0.89534	14.6358	14.0314	20.2753
75.6	-0.598009	0.80149	11.4416	16.7717	20.3027
75.7	-0.636012	0.77168	7.88515	18.8656	20.4472
75.8	-0.584467	0.811417	4.08524	20.2586	20.6664
75.9	-0.447106	0.894481	0.149677	20.8856	20.8861
76	-0.239392	0.970923	-3.79791	20.6518	20.9981
76.1	-0.0281861	0.999603	-7.59835	19.5116	20.9389
76.2	0.103924	0.994585	-11.1091	17.5556	20.7753
76.3	0.114293	0.993447	-14.2353	14.925	20.6252
76.4	-0.019735	0.999805	-16.8939	11.7358	20.5702
76.5	-0.315653	0.948875	-18.9949	8.09622	20.6484
76.6	-0.728198	0.685367	-20.4312	4.11929	20.8423
76.7	-0.998449	0.0556763	-20.9979	-0.087417	20.9981
76.8	-0.733717	-0.679456	-20.3889	-4.37722	20.8535
76.9	-0.12269	-0.992445	-18.643	-8.5422	20.5068
77	0.341914	-0.939731	-16.0173	-12.4452	20.2839
77.1	0.504113	-0.863638	-12.6364	-15.941	20.3419
77.2	0.374181	-0.927356	-8.58782	-18.807	20.675
77.3	-0.0627797	-0.998027	-3.96833	-20.613	20.9915
77.4	-0.527934	-0.849285	0.981972	-20.7922	20.8154
77.5	-0.699502	-0.714631	5.83714	-19.6163	20.4663
77.6	-0.604935	-0.796275	10.3201	-17.5487	20.3583
77.7	-0.200243	-0.979746	14.2542	-14.8025	20.5499
77.8	0.489003	-0.872282	17.4507	-11.4695	20.8824
77.9	0.973696	-0.227849	19.5794	-7.5647	20.9899
78	0.891352	0.453312	20.5385	-3.28671	20.7999
78.1	0.600465	0.799651	20.5983	1.09266	20.6273
78.2	0.411198	0.911546	19.9036	5.38902	20.6202
78.3	0.405076	0.914283	18.4964	9.44105	20.7665
78.4	0.564711	0.825289	16.3796	13.0683	20.954
78.5	0.793193	0.60897	13.5316	16.0276	20.9759
78.6	0.947665	0.319265	10.0459	18.13	20.7272
78.7	0.997404	0.0720072	6.14254	19.3989	20.3481
78.8	0.996878	-0.0789561	1.98814	19.8965	19.9955
78.9	0.992721	-0.120433	-2.29921	19.6068	19.7411
79	0.999003	-0.0446405	-6.58465	18.4618	19.6009
79.1	0.987174	0.159645	-10.6852	16.4002	19.574
79.2	0.871631	0.490162	-14.3775	13.4309	19.6749
79.3	0.50533	0.862926	-17.4449	9.68284	19.952
79.4	-0.219616	0.975586	-19.726	5.3914	20.4495
79.5	-0.95442	0.298466	-20.9485	0.783369	20.9632
79.6	-0.609708	-0.792626	-20.3562	-3.96685	20.7391
79.7	0.336971	-0.941515	-18.1586	-8.55166	20.0715
79.8	0.838089	-0.545534	-14.9297	-12.8491	19.6976
79.9	0.941249	-0.337713	-10.7106	-16.593	19.7495
80	0.839065	-0.544031	-5.65567	-19.4601	20.2653
80.1	0.263232	-0.964733	-0.0702881	-20.962	20.9621
80.2	-0.574343	-0.818615	5.48919	-19.8773	20.6213
80.3	-0.867846	-0.496832	10.4816	-16.9647	19.9415
80.4	-0.854131	-0.520058	14.6717	-13.1275	19.6873
80.5	-0.536949	-0.843615	17.8544	-8.70228	19.8622
80.6	0.253642	-0.967298	20.0225	-3.99924	20.418
80.7	0.980045	-0.198778	20.9557	0.787472	20.9705
80.8	0.594031	0.804442	20.0571	5.40752	20.7733
80.9	-0.219238	0.975671	17.8084	9.63608	20.2483
81	-0.739073	0.673625	14.7301	13.3506	19.88
81.1	-0.948426	0.316998	11.0178	16.3423	19.7094
81.2	-0.997643	0.068614	6.87244	18.4551	19.6931
81.3	-0.999086	-0.0427511	2.51395	19.6463	19.8065
81.4	-0.99969	-0.024896	-1.86614	19.9563	20.0434
81.5	-0.993679	0.112263	-6.12048	19.444	20.3845
81.6	-0.935862	0.352367	-10.1172	18.1204	20.7535
81.7	-0.772565	0.634936	-13.6714	15.9196	20.9843
81.8	-0.545005	0.838433	-16.5505	12.8311	20.9417
81.9	-0.402367	0.915479	-18.6653	9.06805	20.7515
82	-0.436556	0.899677	-20.0358	4.88338	20.6223
82.1	-0.654963	0.755661	-20.6529	0.466017	20.6581
82.2	-0.940242	0.340506	-20.4612	-4.01063	20.8506
82.3	-0.920267	-0.39129	-19.2739	-8.33765	21
82.4	-0.335089	-0.942186	-16.8506	-12.2222	20.8164
82.5	0.311314	-0.950307	-13.4041	-15.5067	20.497
82.6	0.633104	-0.774067	-9.24718	-18.1631	20.3816
82.7	0.656587	-0.75425	-4.56409	-20.0608	20.5735
82.8	0.392163	-0.919896	0.441266	-20.9198	20.9245
82.9	-0.104436	-0.994532	5.41972	-20.2165	20.9304
83	-0.433026	-0.901381	9.95931	-17.9894	20.5622
83.1	-0.449223	-0.89342	13.8776	-14.8484	20.324
83.2	-0.161641	-0.98685	17.0727	-11.1347	20.3828
83.3	0.405555	-0.914071	19.4428	-7.04457	20.6797
83.4	0.927233	-0.374485	20.7897	-2.71597	20.9664
83.5	0.923735	0.383031	20.8823	1.67036	20.949
83.6	0.545714	0.837972	19.8938	5.90254	20.751
83.7	0.187472	0.98227	18.1143	9.84955	20.619
83.8	-0.0108892	0.999941	15.6894	13.3895	20.6261
83.9	-0.0454543	0.998966	12.7161	16.3984	20.7511
84	0.0608169	0.998149	9.28049	18.7463	20.9177
84.1	0.265076	0.964228	5.47382	20.274	21
84.2	0.479116	0.877751	1.43809	20.8547	20.9043
84.3	0.623848	0.781546	-2.64807	20.5121	20.6823
84.4	0.680289	0.732944	-6.63934	19.3454	20.453
84.5	0.646932	0.762547	-10.4147	17.4251	20.3002
84.6	0.498644	0.866807	-13.8442	14.8054	20.2697
84.7	0.180541	0.983567	-16.7893	11.5678	20.3886
84.8	-0.340233	0.940341	-19.1147	7.83367	20.6577
84.9	-0.890774	0.454447	-20.6225	3.71951	20.9552
85	-0.900357	-0.435152	-20.8988	-0.684109	20.91
85.1	-0.265266	-0.964175	-19.8203	-5.15953	20.4808
85.2	0.339484	-0.940612	-17.7307	-9.51201	20.121
85.3	0.605082	-0.796163	-14.7753	-13.5806	20.0685
85.4	0.559871	-0.828579	-11.0136	-17.1398	20.3733
85.5	0.162326	-0.986737	-6.54291	-19.8292	20.8808
85.6	-0.470778	-0.882252	-1.48992	-20.8563	20.9094
85.7	-0.793442	-0.608646	3.69749	-20.0979	20.4352
85.8	-0.810774	-0.585359	8.57981	-18.2437	20.1605
85.9	-0.55714	-0.830419	12.924	-15.604	20.2612
86	0.101855	-0.994799	16.5647	-12.3515	20.6627
86.1	0.862335	-0.506338	19.1911	-8.50996	20.9932
86.2	0.928369	0.371659	20.4123	-4.14227	20.8284
86.3	0.513834	0.857889	20.509	0.418211	20.5133
86.4	0.154833	0.987941	19.7629	4.92813	20.368
86.5	0.00699461	0.999976	18.2498	9.19752	20.4365
86.6	0.0706966	0.997498	16.0296	13.0521	20.6714
86.7	0.32128	0.946984	13.1397	16.2992	20.9359
86.8	0.655982	0.754777	9.59121	18.6478	20.9698
86.9	0.88721	0.461366	5.53794	19.9131	20.6688
87	0.97743	0.211258	1.23306	20.2096	20.2472
87.1	0.997335	0.0729606	-3.15781	19.6366	19.8889
87.2	0.997726	0.0674045	-7.49105	18.1765	19.6597
87.3	0.97846	0.206437	-11.5742	15.7766	19.5669
87.4	0.871482	0.490428	-15.1633	12.444	19.6157
87.5	0.530673	0.847577	-18.0215	8.31876	19.8488
87.6	-0.178278	0.98398	-19.9966	3.67354	20.3312
87.7	-0.943362	0.331764	-20.8847	-1.19869	20.9191
87.8	-0.588439	-0.808542	-19.8976	-6.01972	20.7883
87.9	0.423205	-0.906034	-17.1496	-10.4557	20.0856
88	0.902513	-0.430662	-13.3446	-14.467	19.6818
88.1	0.980113	-0.198439	-8.57271	-17.7695	19.7294
88.2	0.903593	-0.428391	-3.04753	-20.0342	20.2647
88.3	0.350038	-0.936735	2.83002	-20.7824	20.9742
88.4	-0.519254	-0.85462	8.2862	-18.8119	20.556
88.5	-0.831398	-0.555678	12.8871	-15.1091	19.8586
88.6	-0.810739	-0.585408	16.5078	-10.5888	19.612
88.7	-0.458989	-0.888442	18.9736	-5.61863	19.788
88.8	0.34862	-0.937264	20.3444	-0.527785	20.3513
88.9	0.996003	-0.0893246	20.4764	4.43986	20.9522
89	0.46925	0.883065	18.7873	8.91103	20.7935
89.1	-0.405694	0.914009	15.7446	12.7109	20.2351
89.2	-0.883656	0.468137	11.9376	15.8179	19.817
89.3	-0.999967	0.00808856	7.62031	18.055	19.5972
89.4	-0.951666	-0.307135	3.02872	19.2928	19.5291
89.5	-0.883707	-0.46804	-1.60306	19.519	19.5847
89.6	-0.86747	-0.497489	-6.07876	18.8116	19.7694
89.7	-0.915129	-0.403161	-10.2505	17.2844	20.0954
89.8	-0.985087	-0.172057	-13.991	15.0216	20.5279
89.9	-0.981313	0.192421	-17.1079	12.0217	20.9094
90	-0.826184	0.5634	-19.2841	8.26446	20.9804
90.1	-0.648963	0.76082	-20.3919	3.95735	20.7723
90.2	-0.626654	0.779298	-20.5799	-0.586967	20.5883
90.3	-0.790865	0.61199	-19.944	-5.14613	20.5973
90.4	-0.99008	0.140503	-18.5007	-9.5227	20.8077
90.5	-0.797025	-0.603947	-16.1278	-13.4479	20.9989
90.6	-0.0518466	-0.998655	-12.6451	-16.5361	20.8168
90.7	0.578917	-0.815386	-8.33729	-18.7179	20.4908
90.8	0.822688	-0.568493	-3.53861	-20.0872	20.3965
90.9	0.816127	-0.577873	1.52682	-20.5652	20.6218
91	0.554176	-0.8324	6.56361	-19.9082	20.9623
91.1	0.0570711	-0.99837	11.0596	-17.7	20.8711
91.2	-0.272619	-0.962122	14.6959	-14.2265	20.4539
91.3	-0.288928	-0.957351	17.4935	-10.1109	20.2052
91.4	-0.00545265	-0.999985	19.4407	-5.67426	20.2518
91.5	0.515564	-0.856851	20.5138	-1.12424	20.5446
91.6	0.957152	-0.289584	20.6215	3.35934	20.8933
91.7	0.877482	0.479609	19.5877	7.54562	20.9908
91.8	0.382843	0.923813	17.5117	11.2486	20.8133
91.9	-0.105543	0.994415	14.7093	14.4302	20.6057
92	-0.430267	0.902702	11.3871	17.038	20.493
92.1	-0.604387	0.79669	7.68848	18.9964	20.4933
92.2	-0.673066	0.739583	3.74603	20.2453	20.5889
92.3	-0.667359	0.744736	-0.313551	20.7416	20.744
92.4	-0.602948	0.79778	-4.36391	20.441	20.9016
92.5	-0.500416	0.865785	-8.26134	19.2986	20.9925
92.6	-0.407846	0.913051	-11.8459	17.3195	20.9831
92.7	-0.388109	0.921613	-14.9815	14.5976	20.9174
92.8	-0.483682	0.875244	-17.5706	11.2693	20.874
92.9	-0.694438	0.719552	-19.5227	7.4648	20.9011
93	-0.93265	0.360781	-20.7152	3.30195	20.9767
93.1	-0.9779	-0.209074	-20.9584	-1.09167	20.9868
93.2	-0.677775	-0.735269	-20.0948	-5.52894	20.8415
93.3	-0.234801	-0.972043	-18.1836	-9.79477	20.6538
93.4	0.0671714	-0.997741	-15.3745	-13.7081	20.5983
93.5	0.12084	-0.992672	-11.7775	-17.0684	20.7374
93.6	-0.0684469	-0.997655	-7.48417	-19.572	20.9542
93.7	-0.362054	-0.932157	-2.65691	-20.8001	20.9691
93.8	-0.513543	-0.858064	2.35068	-20.6519	20.7853
93.9	-0.426179	-0.904639	7.1825	-19.4008	20.6877
94	-0.0662721	-0.997802	11.5912	-17.249	20.7819
94.1	0.497436	-0.867501	15.3355	-14.2776	20.953
94.2	0.921071	-0.389395	18.1444	-10.5558	20.9916
94.3	0.992293	0.123911	19.9266	-6.31739	20.9041
94.4	0.908884	0.417048	20.7807	-1.84377	20.8623
94.5	0.871294	0.490762	20.7547	2.64711	20.9228
94.6	0.918576	0.395245	19.8154	6.94584	20.9975
94.7	0.98159	0.190998	17.9259	10.8159	20.9362
94.8	0.99988	-0.0154895	15.1928	14.0757	20.711
94.9	0.989727	-0.142971	11.8287	16.6653	20.4365
95	0.986146	-0.165879	8.00817	18.5609	20.2148
95.1	0.99706	-0.0766187	3.86356	19.7169	20.0919
95.2	0.99143	0.130635	-0.472479	20.077	20.0825
95.3	0.895329	0.445405	-4.84412	19.6042	20.1938
95.4	0.601827	0.798626	-9.07153	18.3037	20.4283
95.5	0.0296995	0.999559	-12.955	16.2113	20.7518
95.6	-0.689654	0.724139	-16.2305	13.3131	20.9921
95.7	-0.996953	-0.0780078	-18.5345	9.53633	20.8439
95.8	-0.640313	-0.768114	-19.7629	5.09088	20.408
95.9	-0.096085	-0.995373	-20.0545	0.293229	20.0567
96	0.23531	-0.97192	-19.4235	-4.65056	19.9725
96.1	0.252359	-0.967634	-17.8227	-9.52877	20.21
96.2	-0.0668407	-0.997764	-15.2263	-14.0435	20.7138
96.3	-0.623465	-0.781851	-11.4554	-17.5946	20.9952
96.4	-0.924311	-0.381641	-6.58941	-19.5625	20.6425
96.5	-0.961976	-0.273136	-1.33437	-20.2697	20.3135
96.6	-0.84299	-0.537929	3.88234	-19.9717	20.3455
96.7	-0.326801	-0.945093	8.79277	-18.7449	20.7047
96.8	0.586645	-0.809845	13.0691	-16.4364	20.9989
96.9	0.999917	-0.0129223	16.296	-12.8982	20.7827
97	0.81894	0.573879	18.5829	-8.61541	20.4829
97.1	0.616111	0.78766	20.0463	-3.95249	20.4322
97.2	0.627724	0.778436	20.6275	0.864059	20.6456
97.3	0.832979	0.553305	20.1876	5.59312	20.9481
97.4	0.995851	0.0909952	18.441	9.87199	20.9171
97.5	0.938805	-0.344448	15.4666	13.4013	20.4648
97.6	0.809952	-0.586496	11.7113	16.1813	19.9748
97.7	0.746791	-0.665058	7.41845	18.1894	19.644
97.8	0.792772	-0.609519	2.73448	19.296	19.4888
97.9	0.915395	-0.402557	-2.16526	19.3588	19.4795
98	0.999991	-0.00422931	-7.05128	18.3036	19.6149
98.1	0.8322	0.554475	-11.6597	16.1734	19.9381
98.2	0.17521	0.984531	-15.7204	13.1225	20.4776
98.3	-0.790493	0.612472	-18.8301	9.24792	20.9785
98.4	-0.84388	-0.536531	-20.214	4.4434	20.6966
98.5	-0.00597922	-0.999982	-20.0055	-0.854871	20.0237
98.6	0.608074	-0.79388	-18.6292	-6.26432	19.6543
98.7	0.781909	-0.623392	-16.0094	-11.4886	19.705
98.8	0.622873	-0.782323	-12.1843	-16.1438	20.2257
98.9	-0.0591155	-0.998251	-7.29731	-19.6425	20.9542
99	-0.803747	-0.594971	-1.46847	-20.5839	20.6362
99.1	-0.970628	-0.240585	4.47229	-19.4857	19.9924
99.2	-0.934194	-0.356767	9.94391	-17.1397	19.8154
99.3	-0.568252	-0.822855	14.6166	-13.839	20.1287
99.4	0.402347	-0.915487	18.2939	-9.85369	20.7789
99.5	0.99453	0.104453	20.2967	-5.13273	20.9356
99.6	0.417451	0.908699	20.3977	0.0190721	20.3977
99.7	-0.246913	0.969038	19.3089	5.16056	19.9867
99.8	-0.591848	0.80605	17.1914	9.95793	19.8672
99.9	-0.687571	0.726117	14.165	14.1202	20.0007
100	-0.605154	0.796109	10.4401	17.4695	20.3514
