0	-0.462391	-0.886676	3.4175	0.086159	3.41859
0.001	-0.464243	-0.885708	3.41635	0.0843292	3.41739
0.002	-0.46609	-0.884737	3.41521	0.0824828	3.41621
0.003	-0.467932	-0.883764	3.41407	0.0806197	3.41502
0.004	-0.469769	-0.882789	3.41294	0.0787399	3.41385
0.005	-0.471601	-0.881812	3.41182	0.0768433	3.41269
0.006	-0.473428	-0.880832	3.41071	0.0749298	3.41153
0.007	-0.47525	-0.879851	3.4096	0.0729995	3.41038
0.008	-0.477067	-0.878867	3.4085	0.0710521	3.40924
0.009	-0.478879	-0.877881	3.40741	0.0690878	3.40811
0.01	-0.480686	-0.876893	3.40633	0.0671065	3.40699
0.011	-0.482488	-0.875903	3.40525	0.065108	3.40587
0.012	-0.484284	-0.874911	3.40418	0.0630924	3.40476
0.013	-0.486076	-0.873917	3.40312	0.0610596	3.40366
0.014	-0.487862	-0.872921	3.40206	0.0590095	3.40257
0.015	-0.489643	-0.871923	3.40101	0.0569422	3.40149
0.016	-0.491419	-0.870923	3.39997	0.0548574	3.40042
0.017	-0.49319	-0.869922	3.39894	0.0527553	3.39935
0.018	-0.494955	-0.868919	3.39791	0.0506357	3.39829
0.019	-0.496715	-0.867914	3.39689	0.0484985	3.39724
0.02	-0.49847	-0.866907	3.39588	0.0463438	3.3962
0.021	-0.500219	-0.865899	3.39488	0.0441715	3.39516
0.022	-0.501964	-0.864889	3.39388	0.0419815	3.39414
0.023	-0.503702	-0.863877	3.39289	0.0397738	3.39312
0.024	-0.505436	-0.862864	3.3919	0.0375483	3.39211
0.025	-0.507164	-0.86185	3.39093	0.035305	3.39111
0.026	-0.508887	-0.860833	3.38996	0.0330438	3.39012
0.027	-0.510604	-0.859816	3.38899	0.0307647	3.38913
0.028	-0.512316	-0.858797	3.38804	0.0284676	3.38816
0.029	-0.514022	-0.857777	3.38709	0.0261524	3.38719
0.03	-0.515723	-0.856755	3.38615	0.0238192	3.38623
0.031	-0.517419	-0.855732	3.38521	0.0214678	3.38528
0.032	-0.519109	-0.854708	3.38428	0.0190983	3.38434
0.033	-0.520794	-0.853683	3.38336	0.0167105	3.3834
0.034	-0.522473	-0.852656	3.38244	0.0143044	3.38247
0.035	-0.524146	-0.851628	3.38154	0.01188	3.38156
0.036	-0.525814	-0.850599	3.38063	0.00943713	3.38065
0.037	-0.527477	-0.84957	3.37974	0.00697586	3.37975
0.038	-0.529133	-0.848539	3.37885	0.0044961	3.37885
0.039	-0.530785	-0.847507	3.37797	0.00199778	3.37797
0.04	-0.53243	-0.846474	3.37709	-0.000519126	3.37709
0.041	-0.53407	-0.84544	3.37622	-0.00305469	3.37622
0.042	-0.535705	-0.844405	3.37536	-0.00560895	3.37536
0.043	-0.537333	-0.84337	3.3745	-0.00818196	3.37451
0.044	-0.538957	-0.842334	3.37365	-0.0107738	3.37367
0.045	-0.540574	-0.841297	3.37281	-0.0133844	3.37284
0.046	-0.542186	-0.840259	3.37197	-0.016014	3.37201
0.047	-0.543792	-0.83922	3.37114	-0.0186625	3.37119
0.048	-0.545392	-0.838181	3.37031	-0.02133	3.37038
0.049	-0.546986	-0.837141	3.3695	-0.0240166	3.36958
0.05	-0.548575	-0.836101	3.36868	-0.0267223	3.36879
0.051	-0.550158	-0.83506	3.36788	-0.0294471	3.368
0.052	-0.551736	-0.834019	3.36707	-0.0321912	3.36723
0.053	-0.553307	-0.832977	3.36628	-0.0349545	3.36646
0.054	-0.554873	-0.831935	3.36549	-0.0377371	3.3657
0.055	-0.556433	-0.830893	3.36471	-0.040539	3.36495
0.056	-0.557987	-0.82985	3.36393	-0.0433604	3.36421
0.057	-0.559535	-0.828807	3.36316	-0.0462012	3.36348
0.058	-0.561078	-0.827763	3.36239	-0.0490615	3.36275
0.059	-0.562614	-0.82672	3.36163	-0.0519413	3.36203
0.06	-0.564145	-0.825676	3.36088	-0.0548408	3.36133
0.061	-0.56567	-0.824632	3.36013	-0.0577599	3.36063
0.062	-0.567189	-0.823588	3.35939	-0.0606987	3.35994
0.063	-0.568702	-0.822544	3.35865	-0.0636572	3.35925
0.064	-0.570209	-0.8215	3.35792	-0.0666356	3.35858
0.065	-0.57171	-0.820455	3.35719	-0.0696338	3.35791
0.066	-0.573206	-0.819411	3.35647	-0.0726518	3.35726
0.067	-0.574695	-0.818368	3.35575	-0.0756898	3.35661
0.068	-0.576179	-0.817324	3.35504	-0.0787478	3.35597
0.069	-0.577656	-0.81628	3.35434	-0.0818259	3.35534
0.07	-0.579128	-0.815237	3.35364	-0.084924	3.35471
0.071	-0.580593	-0.814194	3.35294	-0.0880422	3.3541
0.072	-0.582053	-0.813151	3.35225	-0.0911806	3.35349
0.073	-0.583506	-0.812109	3.35157	-0.0943392	3.3529
0.074	-0.584954	-0.811066	3.35089	-0.0975181	3.35231
0.075	-0.586396	-0.810025	3.35021	-0.100717	3.35173
0.076	-0.587831	-0.808984	3.34954	-0.103937	3.35115
0.077	-0.589261	-0.807943	3.34888	-0.107177	3.35059
0.078	-0.590684	-0.806903	3.34822	-0.110437	3.35004
0.079	-0.592102	-0.805863	3.34756	-0.113718	3.34949
0.08	-0.593513	-0.804824	3.34691	-0.11702	3.34895
0.081	-0.594918	-0.803786	3.34626	-0.120342	3.34843
0.082	-0.596318	-0.802748	3.34562	-0.123685	3.34791
0.083	-0.597711	-0.801712	3.34498	-0.127048	3.34739
0.084	-0.599098	-0.800676	3.34435	-0.130432	3.34689
0.085	-0.600479	-0.79964	3.34372	-0.133837	3.3464
0.086	-0.601854	-0.798606	3.3431	-0.137263	3.34591
0.087	-0.603223	-0.797573	3.34247	-0.140709	3.34544
0.088	-0.604586	-0.79654	3.34186	-0.144177	3.34497
0.089	-0.605942	-0.795509	3.34125	-0.147665	3.34451
0.09	-0.607293	-0.794478	3.34064	-0.151174	3.34406
0.091	-0.608637	-0.793449	3.34003	-0.154705	3.34362
0.092	-0.609975	-0.79242	3.33943	-0.158256	3.34318
0.093	-0.611308	-0.791393	3.33884	-0.161829	3.34276
0.094	-0.612633	-0.790367	3.33825	-0.165423	3.34234
0.095	-0.613953	-0.789342	3.33766	-0.169038	3.34193
0.096	-0.615267	-0.788319	3.33707	-0.172674	3.34154
0.097	-0.616574	-0.787297	3.33649	-0.176332	3.34115
0.098	-0.617876	-0.786276	3.33591	-0.18001	3.34077
0.099	-0.619171	-0.785256	3.33534	-0.183711	3.34039
0.1	-0.62046	-0.784238	3.33477	-0.187432	3.34003
0.101	-0.621742	-0.783222	3.3342	-0.191175	3.33968
0.102	-0.623019	-0.782207	3.33364	-0.19494	3.33933
0.103	-0.624289	-0.781193	3.33307	-0.198726	3.33899
0.104	-0.625554	-0.780181	3.33252	-0.202534	3.33867
0.105	-0.626812	-0.779171	3.33196	-0.206363	3.33835
0.106	-0.628063	-0.778162	3.33141	-0.210214	3.33804
0.107	-0.629309	-0.777155	3.33086	-0.214086	3.33773
0.108	-0.630548	-0.77615	3.33032	-0.217981	3.33744
0.109	-0.631781	-0.775147	3.32977	-0.221897	3.33716
0.11	-0.633008	-0.774145	3.32923	-0.225835	3.33688
0.111	-0.634229	-0.773145	3.3287	-0.229794	3.33662
0.112	-0.635443	-0.772148	3.32816	-0.233776	3.33636
0.113	-0.636651	-0.771152	3.32763	-0.23778	3.33611
0.114	-0.637853	-0.770158	3.3271	-0.241805	3.33587
0.115	-0.639049	-0.769166	3.32657	-0.245853	3.33564
0.116	-0.640239	-0.768176	3.32605	-0.249922	3.33542
0.117	-0.641422	-0.767188	3.32552	-0.254014	3.33521
0.118	-0.642599	-0.766203	3.325	-0.258127	3.33501
0.119	-0.643769	-0.76522	3.32448	-0.262263	3.33481
0.12	-0.644934	-0.764238	3.32397	-0.266421	3.33463
0.121	-0.646092	-0.763259	3.32345	-0.270601	3.33445
0.122	-0.647244	-0.762283	3.32294	-0.274804	3.33428
0.123	-0.64839	-0.761309	3.32243	-0.279028	3.33413
0.124	-0.649529	-0.760337	3.32192	-0.283275	3.33398
0.125	-0.650662	-0.759367	3.32141	-0.287545	3.33384
0.126	-0.651789	-0.7584	3.32091	-0.291836	3.33371
0.127	-0.65291	-0.757436	3.3204	-0.29615	3.33358
0.128	-0.654024	-0.756474	3.3199	-0.300487	3.33347
0.129	-0.655132	-0.755514	3.3194	-0.304846	3.33337
0.13	-0.656234	-0.754558	3.3189	-0.309227	3.33327
0.131	-0.657329	-0.753604	3.3184	-0.313631	3.33319
0.132	-0.658418	-0.752652	3.3179	-0.318058	3.33311
0.133	-0.659501	-0.751703	3.31741	-0.322507	3.33305
0.134	-0.660578	-0.750757	3.31691	-0.326979	3.33299
0.135	-0.661648	-0.749814	3.31642	-0.331473	3.33294
0.136	-0.662712	-0.748874	3.31592	-0.33599	3.3329
0.137	-0.66377	-0.747937	3.31543	-0.34053	3.33287
0.138	-0.664822	-0.747002	3.31494	-0.345093	3.33285
0.139	-0.665867	-0.746071	3.31444	-0.349678	3.33284
0.14	-0.666906	-0.745142	3.31395	-0.354286	3.33284
0.141	-0.667938	-0.744217	3.31346	-0.358917	3.33284
0.142	-0.668965	-0.743294	3.31297	-0.363571	3.33286
0.143	-0.669985	-0.742375	3.31248	-0.368247	3.33289
0.144	-0.670998	-0.741459	3.31199	-0.372947	3.33292
0.145	-0.672006	-0.740546	3.3115	-0.377669	3.33297
0.146	-0.673007	-0.739636	3.31101	-0.382415	3.33302
0.147	-0.674002	-0.73873	3.31052	-0.387183	3.33308
0.148	-0.67499	-0.737827	3.31003	-0.391974	3.33316
0.149	-0.675973	-0.736927	3.30954	-0.396789	3.33324
0.15	-0.676949	-0.73603	3.30905	-0.401626	3.33333
0.151	-0.677918	-0.735137	3.30856	-0.406487	3.33343
0.152	-0.678882	-0.734248	3.30807	-0.41137	3.33355
0.153	-0.679839	-0.733362	3.30757	-0.416277	3.33367
0.154	-0.68079	-0.732479	3.30708	-0.421207	3.3338
0.155	-0.681734	-0.7316	3.30659	-0.42616	3.33394
0.156	-0.682672	-0.730725	3.30609	-0.431136	3.33409
0.157	-0.683604	-0.729853	3.3056	-0.436135	3.33424
0.158	-0.68453	-0.728985	3.3051	-0.441158	3.33441
0.159	-0.685449	-0.728121	3.3046	-0.446203	3.33459
0.16	-0.686362	-0.72726	3.30411	-0.451272	3.33478
0.161	-0.687269	-0.726403	3.30361	-0.456365	3.33498
0.162	-0.688169	-0.72555	3.3031	-0.46148	3.33519
0.163	-0.689063	-0.724701	3.3026	-0.466619	3.3354
0.164	-0.689951	-0.723856	3.3021	-0.471782	3.33563
0.165	-0.690833	-0.723014	3.30159	-0.476967	3.33587
0.166	-0.691708	-0.722177	3.30109	-0.482176	3.33611
0.167	-0.692577	-0.721344	3.30058	-0.487408	3.33637
0.168	-0.69344	-0.720514	3.30007	-0.492664	3.33664
0.169	-0.694296	-0.719689	3.29955	-0.497943	3.33691
0.17	-0.695146	-0.718868	3.29904	-0.503246	3.3372
0.171	-0.69599	-0.718051	3.29852	-0.508572	3.3375
0.172	-0.696828	-0.717238	3.298	-0.513921	3.3378
0.173	-0.697659	-0.71643	3.29748	-0.519294	3.33812
0.174	-0.698484	-0.715626	3.29696	-0.52469	3.33845
0.175	-0.699303	-0.714825	3.29643	-0.53011	3.33878
0.176	-0.700115	-0.71403	3.2959	-0.535553	3.33913
0.177	-0.700921	-0.713238	3.29537	-0.54102	3.33949
0.178	-0.701721	-0.712452	3.29484	-0.546511	3.33985
0.179	-0.702515	-0.711669	3.2943	-0.552024	3.34023
0.18	-0.703302	-0.710891	3.29376	-0.557562	3.34062
0.181	-0.704083	-0.710117	3.29321	-0.563123	3.34101
0.182	-0.704858	-0.709348	3.29267	-0.568707	3.34142
0.183	-0.705627	-0.708584	3.29212	-0.574315	3.34184
0.184	-0.706389	-0.707824	3.29157	-0.579947	3.34227
0.185	-0.707145	-0.707069	3.29101	-0.585602	3.34271
0.186	-0.707894	-0.706318	3.29045	-0.591281	3.34315
0.187	-0.708638	-0.705572	3.28989	-0.596983	3.34361
0.188	-0.709375	-0.704831	3.28932	-0.602709	3.34408
0.189	-0.710106	-0.704095	3.28875	-0.608459	3.34456
0.19	-0.71083	-0.703363	3.28818	-0.614232	3.34505
0.191	-0.711549	-0.702637	3.2876	-0.620029	3.34555
0.192	-0.712261	-0.701915	3.28702	-0.625849	3.34607
0.193	-0.712967	-0.701198	3.28643	-0.631693	3.34659
0.194	-0.713666	-0.700486	3.28584	-0.637561	3.34712
0.195	-0.714359	-0.699779	3.28524	-0.643452	3.34766
0.196	-0.715046	-0.699077	3.28464	-0.649367	3.34822
0.197	-0.715727	-0.69838	3.28404	-0.655305	3.34878
0.198	-0.716402	-0.697688	3.28343	-0.661268	3.34936
0.199	-0.71707	-0.697001	3.28282	-0.667253	3.34994
0.2	-0.717732	-0.69632	3.2822	-0.673263	3.35054
0.201	-0.718388	-0.695643	3.28158	-0.679296	3.35115
0.202	-0.719037	-0.694972	3.28095	-0.685352	3.35177
0.203	-0.71968	-0.694306	3.28032	-0.691432	3.3524
0.204	-0.720317	-0.693645	3.27968	-0.697536	3.35304
0.205	-0.720948	-0.692989	3.27904	-0.703664	3.35369
0.206	-0.721572	-0.692339	3.27839	-0.709815	3.35435
0.207	-0.72219	-0.691694	3.27774	-0.715989	3.35502
0.208	-0.722802	-0.691055	3.27708	-0.722187	3.35571
0.209	-0.723408	-0.690421	3.27641	-0.728409	3.3564
0.21	-0.724007	-0.689792	3.27574	-0.734655	3.35711
0.211	-0.724601	-0.689169	3.27506	-0.740923	3.35783
0.212	-0.725187	-0.688552	3.27438	-0.747216	3.35856
0.213	-0.725768	-0.687939	3.27369	-0.753532	3.3593
0.214	-0.726342	-0.687333	3.273	-0.759872	3.36005
0.215	-0.726911	-0.686732	3.2723	-0.766235	3.36081
0.216	-0.727472	-0.686137	3.27159	-0.772621	3.36159
0.217	-0.728028	-0.685547	3.27088	-0.779032	3.36237
0.218	-0.728577	-0.684963	3.27016	-0.785465	3.36317
0.219	-0.729121	-0.684385	3.26943	-0.791922	3.36398
0.22	-0.729657	-0.683813	3.2687	-0.798403	3.3648
0.221	-0.730188	-0.683246	3.26796	-0.804907	3.36563
0.222	-0.730712	-0.682686	3.26722	-0.811435	3.36647
0.223	-0.73123	-0.682131	3.26646	-0.817986	3.36732
0.224	-0.731742	-0.681581	3.2657	-0.82456	3.36819
0.225	-0.732248	-0.681038	3.26493	-0.831158	3.36907
0.226	-0.732747	-0.680501	3.26416	-0.83778	3.36996
0.227	-0.73324	-0.67997	3.26338	-0.844424	3.37086
0.228	-0.733727	-0.679444	3.26259	-0.851092	3.37177
0.229	-0.734207	-0.678925	3.26179	-0.857784	3.3727
0.23	-0.734682	-0.678412	3.26099	-0.864498	3.37363
0.231	-0.73515	-0.677905	3.26018	-0.871236	3.37458
0.232	-0.735611	-0.677404	3.25936	-0.877998	3.37554
0.233	-0.736067	-0.676909	3.25853	-0.884782	3.37651
0.234	-0.736516	-0.67642	3.25769	-0.89159	3.3775
0.235	-0.736959	-0.675937	3.25685	-0.898421	3.37849
0.236	-0.737396	-0.675461	3.256	-0.905276	3.3795
0.237	-0.737826	-0.674991	3.25514	-0.912153	3.38052
0.238	-0.73825	-0.674527	3.25427	-0.919054	3.38156
0.239	-0.738668	-0.674069	3.25339	-0.925978	3.3826
0.24	-0.73908	-0.673618	3.25251	-0.932924	3.38366
0.241	-0.739485	-0.673173	3.25161	-0.939894	3.38473
0.242	-0.739884	-0.672734	3.25071	-0.946888	3.38581
0.243	-0.740277	-0.672302	3.2498	-0.953904	3.3869
0.244	-0.740663	-0.671877	3.24888	-0.960943	3.38801
0.245	-0.741043	-0.671457	3.24795	-0.968005	3.38913
0.246	-0.741417	-0.671044	3.24701	-0.97509	3.39026
0.247	-0.741785	-0.670638	3.24606	-0.982198	3.39141
0.248	-0.742146	-0.670238	3.24511	-0.989329	3.39256
0.249	-0.742501	-0.669845	3.24414	-0.996483	3.39373
0.25	-0.74285	-0.669458	3.24316	-1.00366	3.39492
0.251	-0.743192	-0.669078	3.24218	-1.01086	3.39611
0.252	-0.743528	-0.668705	3.24118	-1.01808	3.39732
0.253	-0.743858	-0.668338	3.24018	-1.02533	3.39854
0.254	-0.744181	-0.667978	3.23917	-1.03259	3.39977
0.255	-0.744498	-0.667625	3.23814	-1.03988	3.40102
0.256	-0.744809	-0.667278	3.23711	-1.0472	3.40228
0.257	-0.745113	-0.666938	3.23606	-1.05453	3.40355
0.258	-0.745411	-0.666605	3.23501	-1.06189	3.40483
0.259	-0.745703	-0.666279	3.23394	-1.06927	3.40613
0.26	-0.745988	-0.665959	3.23287	-1.07668	3.40744
0.261	-0.746267	-0.665646	3.23178	-1.0841	3.40877
0.262	-0.74654	-0.66534	3.23069	-1.09155	3.41011
0.263	-0.746806	-0.665042	3.22958	-1.09902	3.41146
0.264	-0.747066	-0.664749	3.22846	-1.10651	3.41282
0.265	-0.74732	-0.664464	3.22734	-1.11403	3.4142
0.266	-0.747567	-0.664186	3.2262	-1.12157	3.41559
0.267	-0.747808	-0.663915	3.22505	-1.12913	3.417
0.268	-0.748042	-0.663651	3.22389	-1.13671	3.41841
0.269	-0.74827	-0.663394	3.22271	-1.14431	3.41984
0.27	-0.748492	-0.663144	3.22153	-1.15194	3.42129
0.271	-0.748707	-0.662901	3.22034	-1.15959	3.42275
0.272	-0.748916	-0.662665	3.21913	-1.16726	3.42422
0.273	-0.749119	-0.662436	3.21791	-1.17495	3.42571
0.274	-0.749315	-0.662214	3.21668	-1.18267	3.42721
0.275	-0.749504	-0.662	3.21544	-1.1904	3.42872
0.276	-0.749687	-0.661792	3.21419	-1.19816	3.43025
0.277	-0.749864	-0.661592	3.21292	-1.20594	3.43179
0.278	-0.750034	-0.661399	3.21165	-1.21374	3.43334
0.279	-0.750198	-0.661213	3.21036	-1.22157	3.43491
0.28	-0.750355	-0.661035	3.20906	-1.22941	3.4365
0.281	-0.750506	-0.660864	3.20774	-1.23728	3.43809
0.282	-0.75065	-0.6607	3.20642	-1.24517	3.4397
0.283	-0.750788	-0.660543	3.20508	-1.25308	3.44133
0.284	-0.75092	-0.660394	3.20373	-1.26101	3.44297
0.285	-0.751044	-0.660252	3.20237	-1.26897	3.44462
0.286	-0.751163	-0.660117	3.20099	-1.27694	3.44629
0.287	-0.751274	-0.65999	3.1996	-1.28494	3.44797
0.288	-0.75138	-0.65987	3.1982	-1.29295	3.44967
0.289	-0.751478	-0.659758	3.19679	-1.30099	3.45138
0.29	-0.75157	-0.659653	3.19536	-1.30905	3.45311
0.291	-0.751656	-0.659555	3.19392	-1.31713	3.45485
0.292	-0.751735	-0.659465	3.19247	-1.32523	3.4566
0.293	-0.751807	-0.659383	3.191	-1.33336	3.45837
0.294	-0.751873	-0.659308	3.18952	-1.3415	3.46016
0.295	-0.751932	-0.65924	3.18803	-1.34966	3.46196
0.296	-0.751985	-0.65918	3.18652	-1.35785	3.46377
0.297	-0.752031	-0.659128	3.185	-1.36606	3.4656
0.298	-0.75207	-0.659083	3.18347	-1.37428	3.46744
0.299	-0.752103	-0.659046	3.18192	-1.38253	3.4693
0.3	-0.752129	-0.659016	3.18036	-1.3908	3.47117
0.301	-0.752148	-0.658994	3.17879	-1.39909	3.47306
0.302	-0.752161	-0.65898	3.1772	-1.4074	3.47496
0.303	-0.752167	-0.658973	3.1756	-1.41573	3.47688
0.304	-0.752166	-0.658974	3.17398	-1.42408	3.47881
0.305	-0.752158	-0.658982	3.17235	-1.43245	3.48076
0.306	-0.752144	-0.658999	3.1707	-1.44084	3.48272
0.307	-0.752123	-0.659023	3.16904	-1.44925	3.4847
0.308	-0.752095	-0.659054	3.16737	-1.45768	3.4867
0.309	-0.752061	-0.659094	3.16568	-1.46613	3.48871
0.31	-0.752019	-0.659141	3.16398	-1.4746	3.49073
0.311	-0.751971	-0.659196	3.16226	-1.48309	3.49277
0.312	-0.751916	-0.659259	3.16053	-1.49161	3.49483
0.313	-0.751855	-0.659329	3.15878	-1.50014	3.4969
0.314	-0.751786	-0.659407	3.15702	-1.50869	3.49898
0.315	-0.75171	-0.659493	3.15524	-1.51726	3.50108
0.316	-0.751628	-0.659587	3.15345	-1.52585	3.5032
0.317	-0.751539	-0.659689	3.15164	-1.53446	3.50533
0.318	-0.751442	-0.659799	3.14981	-1.54308	3.50748
0.319	-0.751339	-0.659916	3.14798	-1.55173	3.50965
0.32	-0.751229	-0.660041	3.14612	-1.5604	3.51183
0.321	-0.751112	-0.660175	3.14425	-1.56909	3.51402
0.322	-0.750988	-0.660316	3.14237	-1.57779	3.51624
0.323	-0.750857	-0.660465	3.14047	-1.58652	3.51846
0.324	-0.750719	-0.660622	3.13855	-1.59526	3.52071
0.325	-0.750574	-0.660786	3.13662	-1.60402	3.52297
0.326	-0.750422	-0.660959	3.13468	-1.61281	3.52524
0.327	-0.750263	-0.66114	3.13271	-1.62161	3.52753
0.328	-0.750096	-0.661328	3.13073	-1.63043	3.52984
0.329	-0.749923	-0.661525	3.12874	-1.63926	3.53217
0.33	-0.749743	-0.66173	3.12673	-1.64812	3.53451
0.331	-0.749555	-0.661942	3.1247	-1.65699	3.53686
0.332	-0.74936	-0.662163	3.12266	-1.66589	3.53923
0.333	-0.749158	-0.662391	3.1206	-1.6748	3.54162
0.334	-0.748949	-0.662627	3.11852	-1.68373	3.54403
0.335	-0.748733	-0.662872	3.11643	-1.69268	3.54645
0.336	-0.748509	-0.663124	3.11432	-1.70165	3.54889
0.337	-0.748278	-0.663385	3.1122	-1.71063	3.55134
0.338	-0.74804	-0.663653	3.11006	-1.71963	3.55381
0.339	-0.747795	-0.66393	3.1079	-1.72865	3.5563
0.34	-0.747542	-0.664214	3.10572	-1.73769	3.5588
0.341	-0.747282	-0.664507	3.10353	-1.74675	3.56132
0.342	-0.747015	-0.664808	3.10132	-1.75582	3.56386
0.343	-0.74674	-0.665116	3.0991	-1.76491	3.56641
0.344	-0.746458	-0.665433	3.09685	-1.77402	3.56898
0.345	-0.746168	-0.665758	3.09459	-1.78315	3.57157
0.346	-0.745871	-0.666091	3.09232	-1.79229	3.57417
0.347	-0.745566	-0.666431	3.09002	-1.80145	3.57679
0.348	-0.745254	-0.66678	3.08771	-1.81063	3.57943
0.349	-0.744935	-0.667137	3.08538	-1.81982	3.58208
0.35	-0.744608	-0.667502	3.08304	-1.82903	3.58475
0.351	-0.744273	-0.667876	3.08067	-1.83826	3.58744
0.352	-0.743931	-0.668257	3.07829	-1.84751	3.59015
0.353	-0.743581	-0.668646	3.07589	-1.85677	3.59287
0.354	-0.743223	-0.669044	3.07347	-1.86605	3.59561
0.355	-0.742858	-0.669449	3.07104	-1.87534	3.59836
0.356	-0.742485	-0.669863	3.06859	-1.88465	3.60113
0.357	-0.742104	-0.670284	3.06612	-1.89398	3.60392
0.358	-0.741716	-0.670714	3.06363	-1.90332	3.60673
0.359	-0.74132	-0.671152	3.06113	-1.91269	3.60955
0.36	-0.740916	-0.671598	3.0586	-1.92206	3.61239
0.361	-0.740504	-0.672052	3.05606	-1.93145	3.61525
0.362	-0.740085	-0.672514	3.0535	-1.94086	3.61812
0.363	-0.739657	-0.672984	3.05092	-1.95029	3.62101
0.364	-0.739222	-0.673462	3.04833	-1.95973	3.62392
0.365	-0.738779	-0.673948	3.04571	-1.96918	3.62685
0.366	-0.738327	-0.674443	3.04308	-1.97865	3.62979
0.367	-0.737868	-0.674945	3.04043	-1.98814	3.63275
0.368	-0.737401	-0.675456	3.03776	-1.99764	3.63573
0.369	-0.736925	-0.675974	3.03507	-2.00716	3.63873
0.37	-0.736442	-0.676501	3.03236	-2.01669	3.64174
0.371	-0.735951	-0.677035	3.02964	-2.02623	3.64477
0.372	-0.735451	-0.677578	3.02689	-2.0358	3.64782
0.373	-0.734943	-0.678129	3.02413	-2.04537	3.65088
0.374	-0.734427	-0.678688	3.02135	-2.05496	3.65396
0.375	-0.733903	-0.679254	3.01855	-2.06457	3.65706
0.376	-0.73337	-0.679829	3.01573	-2.07419	3.66018
0.377	-0.73283	-0.680412	3.01289	-2.08383	3.66331
0.378	-0.73228	-0.681003	3.01003	-2.09348	3.66646
0.379	-0.731723	-0.681602	3.00716	-2.10314	3.66963
0.38	-0.731157	-0.682209	3.00426	-2.11282	3.67282
0.381	-0.730583	-0.682824	3.00135	-2.12251	3.67602
0.382	-0.73	-0.683447	2.99841	-2.13221	3.67924
0.383	-0.729409	-0.684078	2.99546	-2.14193	3.68248
0.384	-0.728809	-0.684717	2.99249	-2.15167	3.68574
0.385	-0.728201	-0.685364	2.9895	-2.16141	3.68901
0.386	-0.727584	-0.686018	2.98649	-2.17117	3.6923
0.387	-0.726959	-0.686681	2.98345	-2.18095	3.69561
0.388	-0.726325	-0.687352	2.9804	-2.19074	3.69894
0.389	-0.725682	-0.68803	2.97733	-2.20054	3.70228
0.39	-0.72503	-0.688717	2.97424	-2.21035	3.70564
0.391	-0.72437	-0.689411	2.97114	-2.22018	3.70902
0.392	-0.723701	-0.690114	2.96801	-2.23001	3.71242
0.393	-0.723023	-0.690824	2.96486	-2.23987	3.71583
0.394	-0.722336	-0.691542	2.96169	-2.24973	3.71926
0.395	-0.721641	-0.692268	2.9585	-2.25961	3.72271
0.396	-0.720936	-0.693002	2.95529	-2.2695	3.72617
0.397	-0.720222	-0.693743	2.95206	-2.2794	3.72966
0.398	-0.7195	-0.694493	2.94882	-2.28931	3.73316
0.399	-0.718768	-0.69525	2.94555	-2.29924	3.73668
0.4	-0.718027	-0.696015	2.94226	-2.30918	3.74021
0.401	-0.717277	-0.696788	2.93895	-2.31913	3.74377
0.402	-0.716518	-0.697568	2.93562	-2.32909	3.74734
0.403	-0.71575	-0.698357	2.93227	-2.33906	3.75093
0.404	-0.714972	-0.699153	2.9289	-2.34905	3.75453
0.405	-0.714186	-0.699956	2.92551	-2.35905	3.75816
0.406	-0.71339	-0.700768	2.9221	-2.36905	3.7618
0.407	-0.712584	-0.701587	2.91867	-2.37907	3.76546
0.408	-0.711769	-0.702414	2.91522	-2.3891	3.76913
0.409	-0.710945	-0.703248	2.91175	-2.39914	3.77282
0.41	-0.710111	-0.70409	2.90826	-2.4092	3.77653
0.411	-0.709267	-0.704939	2.90475	-2.41926	3.78026
0.412	-0.708414	-0.705797	2.90121	-2.42933	3.78401
0.413	-0.707552	-0.706661	2.89766	-2.43942	3.78777
0.414	-0.70668	-0.707534	2.89409	-2.44951	3.79155
0.415	-0.705798	-0.708413	2.89049	-2.45962	3.79535
0.416	-0.704906	-0.709301	2.88687	-2.46973	3.79916
0.417	-0.704005	-0.710195	2.88324	-2.47985	3.80299
0.418	-0.703093	-0.711098	2.87958	-2.48999	3.80684
0.419	-0.702172	-0.712007	2.8759	-2.50013	3.8107
0.42	-0.701241	-0.712924	2.8722	-2.51029	3.81459
0.421	-0.7003	-0.713849	2.86848	-2.52045	3.81849
0.422	-0.699349	-0.714781	2.86474	-2.53062	3.8224
0.423	-0.698388	-0.71572	2.86098	-2.5408	3.82634
0.424	-0.697416	-0.716666	2.85719	-2.551	3.83029
0.425	-0.696435	-0.71762	2.85339	-2.5612	3.83426
0.426	-0.695443	-0.718581	2.84956	-2.57141	3.83824
0.427	-0.694442	-0.719549	2.84571	-2.58162	3.84225
0.428	-0.693429	-0.720525	2.84184	-2.59185	3.84626
0.429	-0.692407	-0.721507	2.83795	-2.60208	3.8503
0.43	-0.691374	-0.722497	2.83404	-2.61233	3.85435
0.431	-0.690331	-0.723494	2.83011	-2.62258	3.85842
0.432	-0.689277	-0.724498	2.82615	-2.63284	3.86251
0.433	-0.688213	-0.725509	2.82217	-2.64311	3.86661
0.434	-0.687138	-0.726527	2.81818	-2.65338	3.87073
0.435	-0.686053	-0.727552	2.81416	-2.66367	3.87487
0.436	-0.684956	-0.728584	2.81012	-2.67396	3.87902
0.437	-0.68385	-0.729623	2.80605	-2.68425	3.88319
0.438	-0.682732	-0.730669	2.80197	-2.69456	3.88737
0.439	-0.681604	-0.731722	2.79786	-2.70487	3.89158
0.44	-0.680464	-0.732781	2.79373	-2.71519	3.89579
0.441	-0.679314	-0.733848	2.78958	-2.72552	3.90003
0.442	-0.678153	-0.734921	2.78541	-2.73585	3.90428
0.443	-0.676981	-0.736001	2.78122	-2.74619	3.90855
0.444	-0.675797	-0.737088	2.777	-2.75654	3.91283
0.445	-0.674603	-0.738181	2.77276	-2.76689	3.91713
0.446	-0.673397	-0.739281	2.7685	-2.77725	3.92144
0.447	-0.67218	-0.740387	2.76422	-2.78761	3.92578
0.448	-0.670952	-0.741501	2.75992	-2.79799	3.93012
0.449	-0.669713	-0.74262	2.75559	-2.80836	3.93449
0.45	-0.668462	-0.743746	2.75124	-2.81875	3.93887
0.451	-0.6672	-0.744879	2.74687	-2.82913	3.94326
0.452	-0.665926	-0.746018	2.74248	-2.83953	3.94767
0.453	-0.66464	-0.747163	2.73806	-2.84992	3.9521
0.454	-0.663343	-0.748315	2.73363	-2.86033	3.95654
0.455	-0.662035	-0.749473	2.72917	-2.87074	3.96099
0.456	-0.660714	-0.750637	2.72468	-2.88115	3.96547
0.457	-0.659382	-0.751808	2.72018	-2.89157	3.96995
0.458	-0.658038	-0.752985	2.71565	-2.90199	3.97446
0.459	-0.656682	-0.754167	2.7111	-2.91242	3.97897
0.46	-0.655315	-0.755356	2.70653	-2.92285	3.98351
0.461	-0.653935	-0.756551	2.70193	-2.93328	3.98805
0.462	-0.652543	-0.757752	2.69732	-2.94372	3.99262
0.463	-0.651139	-0.758959	2.69267	-2.95416	3.99719
0.464	-0.649723	-0.760171	2.68801	-2.96461	4.00179
0.465	-0.648294	-0.76139	2.68332	-2.97505	4.00639
0.466	-0.646854	-0.762614	2.67862	-2.98551	4.01101
0.467	-0.645401	-0.763844	2.67388	-2.99596	4.01565
0.468	-0.643935	-0.76508	2.66913	-3.00642	4.0203
0.469	-0.642457	-0.766321	2.66435	-3.01688	4.02496
0.47	-0.640967	-0.767568	2.65955	-3.02734	4.02964
0.471	-0.639464	-0.768821	2.65473	-3.03781	4.03434
0.472	-0.637948	-0.770079	2.64988	-3.04828	4.03904
0.473	-0.63642	-0.771343	2.64501	-3.05875	4.04376
0.474	-0.634879	-0.772612	2.64012	-3.06922	4.0485
0.475	-0.633325	-0.773886	2.6352	-3.07969	4.05324
0.476	-0.631758	-0.775165	2.63026	-3.09017	4.05801
0.477	-0.630179	-0.77645	2.6253	-3.10065	4.06278
0.478	-0.628586	-0.77774	2.62031	-3.11112	4.06757
0.479	-0.62698	-0.779035	2.6153	-3.1216	4.07237
0.48	-0.625361	-0.780335	2.61027	-3.13208	4.07718
0.481	-0.623729	-0.781641	2.60521	-3.14256	4.08201
0.482	-0.622084	-0.782951	2.60013	-3.15304	4.08685
0.483	-0.620425	-0.784266	2.59503	-3.16352	4.0917
0.484	-0.618753	-0.785586	2.5899	-3.17401	4.09657
0.485	-0.617067	-0.78691	2.58475	-3.18449	4.10145
0.486	-0.615368	-0.78824	2.57957	-3.19497	4.10634
0.487	-0.613656	-0.789574	2.57438	-3.20545	4.11124
0.488	-0.61193	-0.790912	2.56915	-3.21593	4.11616
0.489	-0.61019	-0.792255	2.56391	-3.22641	4.12108
0.49	-0.608436	-0.793603	2.55864	-3.23689	4.12602
0.491	-0.606669	-0.794955	2.55334	-3.24737	4.13097
0.492	-0.604887	-0.796311	2.54803	-3.25784	4.13594
0.493	-0.603092	-0.797672	2.54269	-3.26832	4.14091
0.494	-0.601282	-0.799037	2.53732	-3.27879	4.1459
0.495	-0.599459	-0.800405	2.53193	-3.28926	4.15089
0.496	-0.597621	-0.801778	2.52652	-3.29973	4.1559
0.497	-0.59577	-0.803155	2.52108	-3.3102	4.16092
0.498	-0.593904	-0.804536	2.51562	-3.32066	4.16595
0.499	-0.592023	-0.805921	2.51013	-3.33112	4.17099
0.5	-0.590128	-0.80731	2.50462	-3.34158	4.17604
0.501	-0.588219	-0.808702	2.49908	-3.35204	4.1811
0.502	-0.586295	-0.810098	2.49352	-3.36249	4.18617
0.503	-0.584357	-0.811497	2.48794	-3.37294	4.19125
0.504	-0.582403	-0.8129	2.48233	-3.38339	4.19634
0.505	-0.580436	-0.814306	2.4767	-3.39383	4.20144
0.506	-0.578453	-0.815716	2.47104	-3.40426	4.20655
0.507	-0.576455	-0.817129	2.46536	-3.4147	4.21167
0.508	-0.574443	-0.818545	2.45965	-3.42513	4.2168
0.509	-0.572415	-0.819964	2.45392	-3.43555	4.22193
0.51	-0.570372	-0.821386	2.44816	-3.44597	4.22708
0.511	-0.568315	-0.822811	2.44238	-3.45638	4.23224
0.512	-0.566242	-0.824239	2.43658	-3.46679	4.2374
0.513	-0.564153	-0.82567	2.43075	-3.47719	4.24257
0.514	-0.56205	-0.827103	2.42489	-3.48759	4.24775
0.515	-0.559931	-0.828539	2.41901	-3.49798	4.25294
0.516	-0.557796	-0.829978	2.4131	-3.50837	4.25813
0.517	-0.555646	-0.831419	2.40717	-3.51875	4.26334
0.518	-0.55348	-0.832862	2.40121	-3.52912	4.26855
0.519	-0.551299	-0.834308	2.39523	-3.53948	4.27376
0.52	-0.549102	-0.835756	2.38922	-3.54984	4.27899
0.521	-0.546889	-0.837205	2.38319	-3.56019	4.28422
0.522	-0.54466	-0.838657	2.37713	-3.57053	4.28946
0.523	-0.542415	-0.840111	2.37105	-3.58086	4.2947
0.524	-0.540154	-0.841566	2.36494	-3.59119	4.29995
0.525	-0.537877	-0.843024	2.35881	-3.60151	4.30521
0.526	-0.535583	-0.844482	2.35264	-3.61182	4.31047
0.527	-0.533274	-0.845943	2.34646	-3.62212	4.31574
0.528	-0.530948	-0.847404	2.34025	-3.63241	4.32101
0.529	-0.528606	-0.848867	2.33401	-3.64269	4.32629
0.53	-0.526247	-0.850332	2.32775	-3.65296	4.33157
0.531	-0.523872	-0.851797	2.32146	-3.66322	4.33686
0.532	-0.521481	-0.853263	2.31514	-3.67347	4.34215
0.533	-0.519072	-0.85473	2.3088	-3.68371	4.34745
0.534	-0.516647	-0.856198	2.30243	-3.69394	4.35275
0.535	-0.514205	-0.857667	2.29604	-3.70416	4.35805
0.536	-0.511746	-0.859137	2.28962	-3.71437	4.36336
0.537	-0.509271	-0.860606	2.28317	-3.72457	4.36867
0.538	-0.506778	-0.862077	2.2767	-3.73475	4.37398
0.539	-0.504268	-0.863547	2.2702	-3.74492	4.3793
0.54	-0.501741	-0.865018	2.26367	-3.75508	4.38462
0.541	-0.499197	-0.866488	2.25712	-3.76523	4.38994
0.542	-0.496636	-0.867959	2.25054	-3.77536	4.39526
0.543	-0.494057	-0.869429	2.24394	-3.78549	4.40059
0.544	-0.491461	-0.870899	2.2373	-3.79559	4.40591
0.545	-0.488848	-0.872369	2.23065	-3.80569	4.41124
0.546	-0.486217	-0.873838	2.22396	-3.81577	4.41657
0.547	-0.483568	-0.875307	2.21725	-3.82583	4.4219
0.548	-0.480902	-0.876774	2.21051	-3.83588	4.42723
0.549	-0.478218	-0.878241	2.20374	-3.84592	4.43256
0.55	-0.475516	-0.879707	2.19695	-3.85594	4.43788
0.551	-0.472797	-0.881172	2.19013	-3.86594	4.44321
0.552	-0.470059	-0.882635	2.18328	-3.87593	4.44854
0.553	-0.467304	-0.884097	2.1764	-3.8859	4.45387
0.554	-0.46453	-0.885557	2.1695	-3.89585	4.45919
0.555	-0.461739	-0.887016	2.16257	-3.90579	4.46452
0.556	-0.458929	-0.888473	2.15561	-3.91571	4.46984
0.557	-0.456101	-0.889928	2.14863	-3.92562	4.47516
0.558	-0.453254	-0.891381	2.14161	-3.9355	4.48048
0.559	-0.45039	-0.892832	2.13457	-3.94537	4.48579
0.56	-0.447507	-0.894281	2.1275	-3.95522	4.4911
0.561	-0.444605	-0.895727	2.12041	-3.96504	4.49641
0.562	-0.441685	-0.89717	2.11328	-3.97485	4.50171
0.563	-0.438747	-0.898611	2.10613	-3.98464	4.50701
0.564	-0.43579	-0.900049	2.09895	-3.99441	4.51231
0.565	-0.432814	-0.901483	2.09174	-4.00416	4.5176
0.566	-0.429819	-0.902915	2.0845	-4.01389	4.52288
0.567	-0.426806	-0.904343	2.07724	-4.0236	4.52816
0.568	-0.423774	-0.905768	2.06995	-4.03329	4.53344
0.569	-0.420722	-0.907189	2.06262	-4.04295	4.53871
0.57	-0.417652	-0.908607	2.05527	-4.05259	4.54397
0.571	-0.414563	-0.910021	2.0479	-4.06221	4.54922
0.572	-0.411455	-0.91143	2.04049	-4.07181	4.55447
0.573	-0.408328	-0.912835	2.03305	-4.08138	4.55971
0.574	-0.405182	-0.914236	2.02559	-4.09093	4.56494
0.575	-0.402016	-0.915633	2.01809	-4.10045	4.57016
0.576	-0.398831	-0.917024	2.01057	-4.10995	4.57538
0.577	-0.395627	-0.918411	2.00302	-4.11943	4.58058
0.578	-0.392404	-0.919793	1.99544	-4.12887	4.58578
0.579	-0.389161	-0.92117	1.98783	-4.1383	4.59097
0.58	-0.385899	-0.922541	1.98019	-4.14769	4.59614
0.581	-0.382617	-0.923907	1.97252	-4.15706	4.60131
0.582	-0.379316	-0.925267	1.96483	-4.16641	4.60646
0.583	-0.375996	-0.926621	1.9571	-4.17572	4.61161
0.584	-0.372656	-0.92797	1.94934	-4.18501	4.61674
0.585	-0.369296	-0.929312	1.94156	-4.19427	4.62186
0.586	-0.365917	-0.930647	1.93374	-4.2035	4.62696
0.587	-0.362518	-0.931977	1.9259	-4.2127	4.63205
0.588	-0.3591	-0.933299	1.91802	-4.22187	4.63713
0.589	-0.355662	-0.934615	1.91012	-4.23101	4.6422
0.59	-0.352204	-0.935923	1.90219	-4.24012	4.64725
0.591	-0.348726	-0.937225	1.89422	-4.2492	4.65229
0.592	-0.345229	-0.938519	1.88623	-4.25825	4.65731
0.593	-0.341712	-0.939805	1.8782	-4.26726	4.66231
0.594	-0.338175	-0.941083	1.87015	-4.27624	4.6673
0.595	-0.334618	-0.942354	1.86207	-4.28519	4.67228
0.596	-0.331041	-0.943616	1.85395	-4.29411	4.67723
0.597	-0.327445	-0.94487	1.84581	-4.30299	4.68217
0.598	-0.323829	-0.946116	1.83763	-4.31184	4.68709
0.599	-0.320193	-0.947352	1.82943	-4.32065	4.69199
0.6	-0.316537	-0.94858	1.82119	-4.32943	4.69688
0.601	-0.312862	-0.949799	1.81292	-4.33817	4.70174
0.602	-0.309166	-0.951008	1.80463	-4.34687	4.70659
0.603	-0.305451	-0.952208	1.7963	-4.35554	4.71141
0.604	-0.301716	-0.953398	1.78794	-4.36416	4.71621
0.605	-0.297961	-0.954578	1.77955	-4.37275	4.721
0.606	-0.294187	-0.955748	1.77113	-4.38131	4.72576
0.607	-0.290393	-0.956908	1.76268	-4.38982	4.73049
0.608	-0.286578	-0.958057	1.7542	-4.39829	4.73521
0.609	-0.282745	-0.959195	1.74569	-4.40672	4.7399
0.61	-0.278891	-0.960323	1.73715	-4.41512	4.74457
0.611	-0.275018	-0.961439	1.72857	-4.42347	4.74921
0.612	-0.271126	-0.962544	1.71997	-4.43177	4.75383
0.613	-0.267213	-0.963637	1.71133	-4.44004	4.75842
0.614	-0.263281	-0.964719	1.70266	-4.44826	4.76299
0.615	-0.25933	-0.965789	1.69396	-4.45644	4.76753
0.616	-0.255359	-0.966846	1.68523	-4.46457	4.77205
0.617	-0.251369	-0.967891	1.67647	-4.47266	4.77653
0.618	-0.24736	-0.968924	1.66768	-4.48071	4.78099
0.619	-0.243331	-0.969943	1.65885	-4.48871	4.78542
0.62	-0.239283	-0.97095	1.65	-4.49666	4.78983
0.621	-0.235216	-0.971943	1.64111	-4.50456	4.7942
0.622	-0.231129	-0.972923	1.63219	-4.51242	4.79854
0.623	-0.227024	-0.973889	1.62325	-4.52023	4.80285
0.624	-0.2229	-0.974841	1.61426	-4.52798	4.80713
0.625	-0.218757	-0.975779	1.60525	-4.53569	4.81138
0.626	-0.214595	-0.976703	1.59621	-4.54335	4.81559
0.627	-0.210415	-0.977612	1.58713	-4.55096	4.81978
0.628	-0.206216	-0.978506	1.57803	-4.55852	4.82392
0.629	-0.201999	-0.979386	1.56889	-4.56602	4.82804
0.63	-0.197763	-0.98025	1.55972	-4.57347	4.83212
0.631	-0.193509	-0.981099	1.55052	-4.58087	4.83617
0.632	-0.189237	-0.981931	1.54129	-4.58822	4.84017
0.633	-0.184947	-0.982749	1.53202	-4.59551	4.84415
0.634	-0.180639	-0.98355	1.52273	-4.60274	4.84808
0.635	-0.176313	-0.984334	1.5134	-4.60992	4.85198
0.636	-0.17197	-0.985102	1.50404	-4.61704	4.85584
0.637	-0.167609	-0.985854	1.49466	-4.62411	4.85967
0.638	-0.163231	-0.986588	1.48524	-4.63111	4.86345
0.639	-0.158836	-0.987305	1.47578	-4.63806	4.86719
0.64	-0.154424	-0.988005	1.4663	-4.64495	4.87089
0.641	-0.149995	-0.988687	1.45679	-4.65178	4.87455
0.642	-0.145549	-0.989351	1.44724	-4.65855	4.87817
0.643	-0.141087	-0.989997	1.43767	-4.66526	4.88175
0.644	-0.136609	-0.990625	1.42806	-4.6719	4.88529
0.645	-0.132114	-0.991235	1.41842	-4.67849	4.88878
0.646	-0.127604	-0.991825	1.40875	-4.68501	4.89223
0.647	-0.123078	-0.992397	1.39905	-4.69147	4.89563
0.648	-0.118536	-0.99295	1.38932	-4.69786	4.89899
0.649	-0.113979	-0.993483	1.37956	-4.70419	4.9023
0.65	-0.109407	-0.993997	1.36977	-4.71045	4.90557
0.651	-0.10482	-0.994491	1.35995	-4.71665	4.90879
0.652	-0.100219	-0.994965	1.3501	-4.72278	4.91196
0.653	-0.095603	-0.99542	1.34022	-4.72884	4.91509
0.654	-0.090973	-0.995853	1.3303	-4.73483	4.91817
0.655	-0.0863292	-0.996267	1.32036	-4.74076	4.92119
0.656	-0.0816717	-0.996659	1.31039	-4.74661	4.92417
0.657	-0.0770009	-0.997031	1.30039	-4.7524	4.9271
0.658	-0.072317	-0.997382	1.29036	-4.75812	4.92998
0.659	-0.0676202	-0.997711	1.2803	-4.76376	4.93281
0.66	-0.0629109	-0.998019	1.2702	-4.76933	4.93558
0.661	-0.0581893	-0.998306	1.26009	-4.77483	4.9383
0.662	-0.0534557	-0.99857	1.24994	-4.78026	4.94097
0.663	-0.0487105	-0.998813	1.23976	-4.78561	4.94359
0.664	-0.0439539	-0.999034	1.22955	-4.79089	4.94615
0.665	-0.0391863	-0.999232	1.21932	-4.79609	4.94866
0.666	-0.0344079	-0.999408	1.20906	-4.80122	4.95112
0.667	-0.029619	-0.999561	1.19877	-4.80627	4.95352
0.668	-0.0248201	-0.999692	1.18845	-4.81125	4.95586
0.669	-0.0200114	-0.9998	1.1781	-4.81615	4.95815
0.67	-0.0151933	-0.999885	1.16773	-4.82097	4.96038
0.671	-0.0103662	-0.999946	1.15733	-4.82571	4.96255
0.672	-0.00553027	-0.999985	1.1469	-4.83038	4.96467
0.673	-0.000685992	-1	1.13644	-4.83496	4.96673
0.674	0.0041663	-0.999991	1.12596	-4.83947	4.96873
0.675	0.00902623	-0.999959	1.11545	-4.84389	4.97067
0.676	0.0138934	-0.999903	1.10492	-4.84824	4.97255
0.677	0.0187676	-0.999824	1.09436	-4.8525	4.97437
0.678	0.0236482	-0.99972	1.08378	-4.85668	4.97613
0.679	0.0285349	-0.999593	1.07317	-4.86078	4.97784
0.68	0.0334275	-0.999441	1.06253	-4.86479	4.97948
0.681	0.0383253	-0.999265	1.05187	-4.86873	4.98106
0.682	0.0432281	-0.999065	1.04119	-4.87258	4.98258
0.683	0.0481355	-0.998841	1.03048	-4.87634	4.98403
0.684	0.053047	-0.998592	1.01974	-4.88002	4.98543
0.685	0.0579623	-0.998319	1.00899	-4.88362	4.98676
0.686	0.0628808	-0.998021	0.998208	-4.88713	4.98803
0.687	0.0678023	-0.997699	0.987406	-4.89055	4.98924
0.688	0.0727263	-0.997352	0.976581	-4.89389	4.99038
0.689	0.0776523	-0.99698	0.965734	-4.89715	4.99146
0.69	0.08258	-0.996584	0.954865	-4.90032	4.99248
0.691	0.0875089	-0.996164	0.943974	-4.9034	4.99343
0.692	0.0924386	-0.995718	0.933062	-4.90639	4.99432
0.693	0.0973687	-0.995248	0.92213	-4.9093	4.99515
0.694	0.102299	-0.994754	0.911176	-4.91211	4.99591
0.695	0.107228	-0.994234	0.900203	-4.91485	4.99661
0.696	0.112157	-0.993691	0.88921	-4.91749	4.99724
0.697	0.117084	-0.993122	0.878197	-4.92004	4.9978
0.698	0.122009	-0.992529	0.867166	-4.92251	4.99831
0.699	0.126932	-0.991911	0.856115	-4.92489	4.99874
0.7	0.131853	-0.991269	0.845047	-4.92718	4.99912
0.701	0.13677	-0.990603	0.833961	-4.92937	4.99942
0.702	0.141684	-0.989912	0.822857	-4.93149	4.99966
0.703	0.146593	-0.989197	0.811736	-4.93351	4.99984
0.704	0.151499	-0.988457	0.800598	-4.93544	4.99995
0.705	0.156399	-0.987694	0.789444	-4.93728	5
0.706	0.161294	-0.986906	0.778274	-4.93904	4.99998
0.707	0.166183	-0.986095	0.767089	-4.9407	4.9999
0.708	0.171067	-0.985259	0.755888	-4.94228	4.99975
0.709	0.175943	-0.9844	0.744673	-4.94376	4.99953
0.71	0.180813	-0.983518	0.733444	-4.94516	4.99925
0.711	0.185675	-0.982611	0.722201	-4.94647	4.99891
0.712	0.190529	-0.981682	0.710944	-4.94768	4.9985
0.713	0.195375	-0.980729	0.699675	-4.94881	4.99803
0.714	0.200212	-0.979753	0.688392	-4.94985	4.99749
0.715	0.205041	-0.978753	0.677098	-4.9508	4.99689
0.716	0.209859	-0.977732	0.665792	-4.95166	4.99622
0.717	0.214668	-0.976687	0.654475	-4.95243	4.99549
0.718	0.219466	-0.97562	0.643147	-4.95312	4.9947
0.719	0.224254	-0.974531	0.631808	-4.95371	4.99384
0.72	0.229031	-0.973419	0.620459	-4.95422	4.99292
0.721	0.233796	-0.972286	0.609101	-4.95464	4.99194
0.722	0.238549	-0.971131	0.597733	-4.95497	4.99089
0.723	0.24329	-0.969954	0.586357	-4.95521	4.98979
0.724	0.248018	-0.968755	0.574973	-4.95537	4.98862
0.725	0.252733	-0.967536	0.56358	-4.95544	4.98738
0.726	0.257435	-0.966296	0.55218	-4.95542	4.98609
0.727	0.262123	-0.965034	0.540773	-4.95532	4.98474
0.728	0.266798	-0.963753	0.52936	-4.95513	4.98332
0.729	0.271457	-0.962451	0.51794	-4.95485	4.98185
0.73	0.276102	-0.961128	0.506514	-4.95449	4.98031
0.731	0.280732	-0.959786	0.495083	-4.95404	4.97872
0.732	0.285347	-0.958424	0.483647	-4.95351	4.97706
0.733	0.289945	-0.957043	0.472206	-4.95289	4.97535
0.734	0.294528	-0.955643	0.460761	-4.95219	4.97358
0.735	0.299094	-0.954224	0.449313	-4.9514	4.97175
0.736	0.303644	-0.952786	0.437861	-4.95053	4.96986
0.737	0.308177	-0.951329	0.426406	-4.94958	4.96791
0.738	0.312693	-0.949854	0.414948	-4.94855	4.96591
0.739	0.317191	-0.948362	0.403489	-4.94743	4.96386
0.74	0.321671	-0.946852	0.392027	-4.94623	4.96174
0.741	0.326133	-0.945324	0.380564	-4.94495	4.95958
0.742	0.330577	-0.943779	0.3691	-4.94359	4.95735
0.743	0.335002	-0.942217	0.357635	-4.94215	4.95508
0.744	0.339409	-0.940639	0.346171	-4.94063	4.95275
0.745	0.343796	-0.939044	0.334706	-4.93903	4.95036
0.746	0.348165	-0.937433	0.323241	-4.93736	4.94793
0.747	0.352513	-0.935807	0.311778	-4.9356	4.94544
0.748	0.356842	-0.934165	0.300316	-4.93377	4.9429
0.749	0.361152	-0.932507	0.288855	-4.93185	4.94031
0.75	0.365441	-0.930835	0.277396	-4.92987	4.93766
0.751	0.369709	-0.929148	0.265939	-4.9278	4.93497
0.752	0.373957	-0.927446	0.254485	-4.92566	4.93223
0.753	0.378185	-0.92573	0.243034	-4.92345	4.92944
0.754	0.382391	-0.924	0.231586	-4.92116	4.9266
0.755	0.386577	-0.922257	0.220142	-4.91879	4.92372
0.756	0.390741	-0.920501	0.208701	-4.91636	4.92078
0.757	0.394884	-0.918731	0.197265	-4.91385	4.9178
0.758	0.399005	-0.916949	0.185834	-4.91126	4.91478
0.759	0.403105	-0.915154	0.174407	-4.90861	4.91171
0.76	0.407183	-0.913346	0.162985	-4.90589	4.90859
0.761	0.411239	-0.911527	0.151569	-4.90309	4.90543
0.762	0.415273	-0.909697	0.140159	-4.90022	4.90223
0.763	0.419285	-0.907855	0.128754	-4.89729	4.89898
0.764	0.423275	-0.906001	0.117356	-4.89429	4.89569
0.765	0.427242	-0.904137	0.105965	-4.89121	4.89236
0.766	0.431187	-0.902263	0.0945807	-4.88807	4.88899
0.767	0.435109	-0.900378	0.0832035	-4.88487	4.88558
0.768	0.439008	-0.898483	0.0718337	-4.8816	4.88212
0.769	0.442885	-0.896578	0.0604717	-4.87826	4.87863
0.77	0.446739	-0.894664	0.0491176	-4.87485	4.8751
0.771	0.45057	-0.892741	0.0377718	-4.87138	4.87153
0.772	0.454378	-0.890809	0.0264346	-4.86785	4.86792
0.773	0.458163	-0.888868	0.015106	-4.86425	4.86428
0.774	0.461925	-0.886919	0.00378652	-4.8606	4.8606
0.775	0.465664	-0.884962	-0.00752377	-4.85687	4.85688
0.776	0.46938	-0.882996	-0.0188246	-4.85309	4.85313
0.777	0.473072	-0.881024	-0.0301157	-4.84925	4.84934
0.778	0.476742	-0.879043	-0.0413968	-4.84534	4.84552
0.779	0.480388	-0.877056	-0.0526678	-4.84138	4.84167
0.78	0.484011	-0.875062	-0.0639284	-4.83735	4.83778
0.781	0.48761	-0.873062	-0.0751784	-4.83327	4.83386
0.782	0.491186	-0.871055	-0.0864176	-4.82913	4.8299
0.783	0.494739	-0.869042	-0.0976458	-4.82493	4.82592
0.784	0.498268	-0.867023	-0.108863	-4.82068	4.82191
0.785	0.501775	-0.864998	-0.120068	-4.81637	4.81786
0.786	0.505257	-0.862969	-0.131262	-4.812	4.81379
0.787	0.508717	-0.860934	-0.142444	-4.80758	4.80969
0.788	0.512153	-0.858894	-0.153614	-4.8031	4.80556
0.789	0.515566	-0.85685	-0.164772	-4.79857	4.8014
0.79	0.518955	-0.854802	-0.175918	-4.79398	4.79721
0.791	0.522321	-0.852749	-0.187051	-4.78935	4.793
0.792	0.525664	-0.850692	-0.198171	-4.78465	4.78876
0.793	0.528984	-0.848632	-0.209278	-4.77991	4.78449
0.794	0.53228	-0.846568	-0.220373	-4.77512	4.7802
0.795	0.535554	-0.844501	-0.231454	-4.77027	4.77589
0.796	0.538804	-0.842431	-0.242521	-4.76538	4.77155
0.797	0.542031	-0.840358	-0.253575	-4.76044	4.76719
0.798	0.545235	-0.838283	-0.264616	-4.75544	4.7628
0.799	0.548416	-0.836206	-0.275642	-4.7504	4.75839
0.8	0.551574	-0.834126	-0.286655	-4.74531	4.75396
0.801	0.554709	-0.832044	-0.297653	-4.74017	4.74951
0.802	0.557822	-0.829961	-0.308637	-4.73499	4.74504
0.803	0.560911	-0.827876	-0.319607	-4.72976	4.74054
0.804	0.563978	-0.82579	-0.330562	-4.72448	4.73603
0.805	0.567022	-0.823703	-0.341502	-4.71916	4.7315
0.806	0.570044	-0.821614	-0.352428	-4.71379	4.72695
0.807	0.573043	-0.819526	-0.363338	-4.70838	4.72238
0.808	0.576019	-0.817436	-0.374233	-4.70292	4.71779
0.809	0.578973	-0.815347	-0.385114	-4.69743	4.71319
0.81	0.581905	-0.813257	-0.395978	-4.69188	4.70856
0.811	0.584814	-0.811168	-0.406828	-4.6863	4.70393
0.812	0.587701	-0.809078	-0.417661	-4.68067	4.69927
0.813	0.590566	-0.806989	-0.428479	-4.67501	4.6946
0.814	0.593409	-0.804901	-0.439281	-4.6693	4.68991
0.815	0.59623	-0.802814	-0.450068	-4.66355	4.68521
0.816	0.599029	-0.800727	-0.460838	-4.65776	4.6805
0.817	0.601806	-0.798642	-0.471592	-4.65193	4.67577
0.818	0.604562	-0.796558	-0.48233	-4.64606	4.67103
0.819	0.607296	-0.794476	-0.493051	-4.64015	4.66628
0.82	0.610008	-0.792395	-0.503756	-4.63421	4.66151
0.821	0.612699	-0.790317	-0.514444	-4.62823	4.65673
0.822	0.615368	-0.78824	-0.525116	-4.62221	4.65194
0.823	0.618016	-0.786165	-0.535771	-4.61615	4.64714
0.824	0.620643	-0.784093	-0.546409	-4.61006	4.64232
0.825	0.623249	-0.782023	-0.55703	-4.60393	4.6375
0.826	0.625834	-0.779956	-0.567635	-4.59776	4.63267
0.827	0.628398	-0.777892	-0.578222	-4.59156	4.62783
0.828	0.630941	-0.775831	-0.588791	-4.58533	4.62297
0.829	0.633463	-0.773773	-0.599344	-4.57906	4.61811
0.83	0.635965	-0.771718	-0.609879	-4.57275	4.61325
0.831	0.638446	-0.769667	-0.620397	-4.56642	4.60837
0.832	0.640906	-0.767619	-0.630897	-4.56005	4.60348
0.833	0.643347	-0.765575	-0.641379	-4.55365	4.59859
0.834	0.645767	-0.763535	-0.651844	-4.54721	4.59369
0.835	0.648166	-0.761499	-0.662291	-4.54074	4.58879
0.836	0.650546	-0.759467	-0.672721	-4.53425	4.58388
0.837	0.652906	-0.757439	-0.683132	-4.52772	4.57896
0.838	0.655246	-0.755416	-0.693525	-4.52116	4.57404
0.839	0.657566	-0.753397	-0.7039	-4.51457	4.56911
0.84	0.659867	-0.751383	-0.714258	-4.50795	4.56418
0.841	0.662148	-0.749373	-0.724596	-4.5013	4.55925
0.842	0.664409	-0.747369	-0.734917	-4.49462	4.55431
0.843	0.666651	-0.74537	-0.745219	-4.48791	4.54936
0.844	0.668874	-0.743376	-0.755503	-4.48118	4.54442
0.845	0.671078	-0.741387	-0.765769	-4.47441	4.53947
0.846	0.673263	-0.739403	-0.776016	-4.46762	4.53451
0.847	0.675429	-0.737425	-0.786244	-4.4608	4.52956
0.848	0.677576	-0.735453	-0.796453	-4.45395	4.5246
0.849	0.679704	-0.733487	-0.806644	-4.44708	4.51964
0.85	0.681813	-0.731526	-0.816816	-4.44018	4.51469
0.851	0.683904	-0.729572	-0.82697	-4.43325	4.50972
0.852	0.685977	-0.727623	-0.837104	-4.4263	4.50476
0.853	0.688031	-0.725681	-0.84722	-4.41932	4.4998
0.854	0.690067	-0.723745	-0.857316	-4.41232	4.49484
0.855	0.692085	-0.721816	-0.867393	-4.4053	4.48988
0.856	0.694085	-0.719893	-0.877452	-4.39824	4.48492
0.857	0.696067	-0.717977	-0.887491	-4.39117	4.47996
0.858	0.698031	-0.716067	-0.89751	-4.38407	4.475
0.859	0.699978	-0.714164	-0.907511	-4.37695	4.47004
0.86	0.701907	-0.712269	-0.917492	-4.3698	4.46508
0.861	0.703818	-0.71038	-0.927454	-4.36263	4.46013
0.862	0.705712	-0.708499	-0.937396	-4.35544	4.45518
0.863	0.707589	-0.706624	-0.947319	-4.34823	4.45023
0.864	0.709448	-0.704757	-0.957223	-4.34099	4.44528
0.865	0.711291	-0.702898	-0.967106	-4.33374	4.44033
0.866	0.713116	-0.701046	-0.976971	-4.32646	4.43539
0.867	0.714925	-0.699201	-0.986815	-4.31916	4.43045
0.868	0.716716	-0.697365	-0.99664	-4.31184	4.42552
0.869	0.718491	-0.695536	-1.00644	-4.3045	4.42059
0.87	0.72025	-0.693715	-1.01623	-4.29714	4.41566
0.871	0.721992	-0.691902	-1.026	-4.28975	4.41074
0.872	0.723717	-0.690097	-1.03574	-4.28235	4.40583
0.873	0.725427	-0.6883	-1.04547	-4.27493	4.40091
0.874	0.72712	-0.686511	-1.05517	-4.26749	4.39601
0.875	0.728797	-0.68473	-1.06486	-4.26004	4.39111
0.876	0.730458	-0.682958	-1.07452	-4.25256	4.38621
0.877	0.732103	-0.681194	-1.08417	-4.24506	4.38132
0.878	0.733732	-0.679439	-1.09379	-4.23755	4.37644
0.879	0.735345	-0.677693	-1.1034	-4.23002	4.37156
0.88	0.736943	-0.675955	-1.11298	-4.22247	4.36669
0.881	0.738526	-0.674225	-1.12255	-4.2149	4.36183
0.882	0.740093	-0.672505	-1.13209	-4.20732	4.35697
0.883	0.741644	-0.670793	-1.14161	-4.19972	4.35212
0.884	0.743181	-0.669091	-1.15112	-4.19211	4.34728
0.885	0.744702	-0.667397	-1.1606	-4.18447	4.34244
0.886	0.746208	-0.665712	-1.17006	-4.17682	4.33762
0.887	0.7477	-0.664037	-1.1795	-4.16916	4.3328
0.888	0.749176	-0.662371	-1.18892	-4.16148	4.32799
0.889	0.750638	-0.660714	-1.19833	-4.15378	4.32318
0.89	0.752085	-0.659066	-1.20771	-4.14607	4.31839
0.891	0.753518	-0.657428	-1.21706	-4.13835	4.3136
0.892	0.754936	-0.655799	-1.2264	-4.13061	4.30883
0.893	0.756339	-0.65418	-1.23572	-4.12285	4.30406
0.894	0.757728	-0.65257	-1.24502	-4.11508	4.2993
0.895	0.759104	-0.65097	-1.25429	-4.1073	4.29455
0.896	0.760465	-0.649379	-1.26355	-4.09951	4.28981
0.897	0.761811	-0.647799	-1.27278	-4.09169	4.28508
0.898	0.763144	-0.646228	-1.282	-4.08387	4.28037
0.899	0.764463	-0.644667	-1.29119	-4.07604	4.27566
0.9	0.765769	-0.643116	-1.30036	-4.06819	4.27096
0.901	0.76706	-0.641575	-1.30951	-4.06032	4.26627
0.902	0.768338	-0.640044	-1.31864	-4.05245	4.26159
0.903	0.769603	-0.638523	-1.32775	-4.04456	4.25692
0.904	0.770854	-0.637012	-1.33684	-4.03666	4.25227
0.905	0.772092	-0.635511	-1.3459	-4.02875	4.24762
0.906	0.773316	-0.634021	-1.35495	-4.02083	4.24299
0.907	0.774527	-0.63254	-1.36397	-4.0129	4.23837
0.908	0.775726	-0.63107	-1.37298	-4.00495	4.23376
0.909	0.776911	-0.629611	-1.38196	-3.997	4.22916
0.91	0.778083	-0.628161	-1.39092	-3.98903	4.22457
0.911	0.779242	-0.626723	-1.39986	-3.98105	4.22
0.912	0.780389	-0.625294	-1.40877	-3.97306	4.21543
0.913	0.781523	-0.623877	-1.41767	-3.96507	4.21088
0.914	0.782644	-0.622469	-1.42655	-3.95706	4.20635
0.915	0.783753	-0.621073	-1.4354	-3.94904	4.20182
0.916	0.784849	-0.619687	-1.44423	-3.94101	4.19731
0.917	0.785933	-0.618312	-1.45304	-3.93298	4.19281
0.918	0.787004	-0.616947	-1.46183	-3.92493	4.18832
0.919	0.788064	-0.615594	-1.4706	-3.91687	4.18384
0.92	0.789111	-0.614251	-1.47934	-3.90881	4.17938
0.921	0.790146	-0.612919	-1.48807	-3.90074	4.17494
0.922	0.791169	-0.611597	-1.49677	-3.89266	4.1705
0.923	0.79218	-0.610287	-1.50545	-3.88457	4.16608
0.924	0.79318	-0.608988	-1.51411	-3.87647	4.16167
0.925	0.794167	-0.6077	-1.52274	-3.86836	4.15728
0.926	0.795143	-0.606422	-1.53136	-3.86025	4.1529
0.927	0.796107	-0.605156	-1.53995	-3.85213	4.14853
0.928	0.797059	-0.603901	-1.54853	-3.844	4.14418
0.929	0.798	-0.602657	-1.55708	-3.83586	4.13985
0.93	0.79893	-0.601424	-1.5656	-3.82772	4.13552
0.931	0.799848	-0.600202	-1.57411	-3.81957	4.13121
0.932	0.800755	-0.598992	-1.5826	-3.81141	4.12692
0.933	0.801651	-0.597792	-1.59106	-3.80325	4.12264
0.934	0.802535	-0.596604	-1.5995	-3.79508	4.11837
0.935	0.803409	-0.595428	-1.60792	-3.7869	4.11412
0.936	0.804271	-0.594262	-1.61631	-3.77872	4.10989
0.937	0.805123	-0.593108	-1.62469	-3.77053	4.10567
0.938	0.805963	-0.591966	-1.63304	-3.76234	4.10146
0.939	0.806793	-0.590834	-1.64137	-3.75414	4.09727
0.94	0.807612	-0.589714	-1.64968	-3.74593	4.0931
0.941	0.80842	-0.588606	-1.65797	-3.73772	4.08894
0.942	0.809218	-0.587509	-1.66623	-3.72951	4.08479
0.943	0.810005	-0.586423	-1.67447	-3.72129	4.08067
0.944	0.810781	-0.585349	-1.68269	-3.71306	4.07655
0.945	0.811547	-0.584287	-1.69089	-3.70483	4.07246
0.946	0.812303	-0.583236	-1.69907	-3.6966	4.06837
0.947	0.813048	-0.582197	-1.70722	-3.68836	4.06431
0.948	0.813783	-0.581169	-1.71535	-3.68012	4.06026
0.949	0.814508	-0.580153	-1.72346	-3.67187	4.05622
0.95	0.815222	-0.579148	-1.73155	-3.66362	4.05221
0.951	0.815927	-0.578156	-1.73961	-3.65537	4.0482
0.952	0.816621	-0.577174	-1.74766	-3.64711	4.04422
0.953	0.817305	-0.576205	-1.75568	-3.63885	4.04025
0.954	0.81798	-0.575247	-1.76367	-3.63058	4.03629
0.955	0.818644	-0.574301	-1.77165	-3.62231	4.03236
0.956	0.819299	-0.573367	-1.7796	-3.61404	4.02844
0.957	0.819944	-0.572444	-1.78753	-3.60577	4.02453
0.958	0.820579	-0.571533	-1.79544	-3.5975	4.02064
0.959	0.821204	-0.570634	-1.80333	-3.58922	4.01677
0.96	0.82182	-0.569747	-1.81119	-3.58094	4.01292
0.961	0.822426	-0.568872	-1.81903	-3.57265	4.00908
0.962	0.823023	-0.568008	-1.82685	-3.56437	4.00526
0.963	0.82361	-0.567156	-1.83464	-3.55608	4.00146
0.964	0.824188	-0.566316	-1.84242	-3.54779	3.99767
0.965	0.824757	-0.565488	-1.85017	-3.5395	3.9939
0.966	0.825316	-0.564672	-1.8579	-3.53121	3.99014
0.967	0.825866	-0.563867	-1.8656	-3.52292	3.98641
0.968	0.826406	-0.563075	-1.87329	-3.51463	3.98269
0.969	0.826937	-0.562294	-1.88095	-3.50633	3.97899
0.97	0.82746	-0.561525	-1.88859	-3.49804	3.9753
0.971	0.827973	-0.560768	-1.8962	-3.48974	3.97163
0.972	0.828477	-0.560023	-1.9038	-3.48144	3.96798
0.973	0.828972	-0.55929	-1.91137	-3.47314	3.96435
0.974	0.829458	-0.558569	-1.91891	-3.46485	3.96073
0.975	0.829935	-0.55786	-1.92644	-3.45655	3.95713
0.976	0.830403	-0.557162	-1.93394	-3.44825	3.95355
0.977	0.830863	-0.556477	-1.94142	-3.43995	3.94999
0.978	0.831314	-0.555804	-1.94888	-3.43165	3.94644
0.979	0.831755	-0.555142	-1.95632	-3.42336	3.94291
0.98	0.832189	-0.554493	-1.96373	-3.41506	3.9394
0.981	0.832613	-0.553855	-1.97112	-3.40676	3.9359
0.982	0.833029	-0.553229	-1.97849	-3.39847	3.93243
0.983	0.833436	-0.552616	-1.98583	-3.39017	3.92897
0.984	0.833835	-0.552014	-1.99315	-3.38188	3.92553
0.985	0.834225	-0.551424	-2.00045	-3.37359	3.9221
0.986	0.834607	-0.550847	-2.00773	-3.36529	3.9187
0.987	0.83498	-0.550281	-2.01499	-3.357	3.91531
0.988	0.835344	-0.549727	-2.02222	-3.34872	3.91194
0.989	0.835701	-0.549185	-2.02943	-3.34043	3.90859
0.99	0.836049	-0.548655	-2.03661	-3.33215	3.90525
0.991	0.836389	-0.548137	-2.04378	-3.32386	3.90193
0.992	0.83672	-0.547631	-2.05092	-3.31558	3.89863
0.993	0.837043	-0.547137	-2.05804	-3.3073	3.89535
0.994	0.837358	-0.546655	-2.06513	-3.29903	3.89209
0.995	0.837665	-0.546185	-2.07221	-3.29075	3.88884
0.996	0.837963	-0.545726	-2.07926	-3.28248	3.88561
0.997	0.838254	-0.54528	-2.08628	-3.27421	3.8824
0.998	0.838536	-0.544846	-2.09329	-3.26595	3.87921
0.999	0.838811	-0.544423	-2.10027	-3.25769	3.87604
