0	0.707107	-0.707107	4.17121	-2.70711	4.97267
0.1	0.752575	-0.658506	4.47269	-2.12845	4.95331
0.2	0.751274	-0.659991	4.6417	-1.58982	4.90642
0.3	0.703931	-0.710268	4.68401	-1.10903	4.81351
0.4	0.606035	-0.795438	4.60482	-0.696958	4.65727
0.5	0.453581	-0.891215	4.41815	-0.35998	4.43279
0.6	0.25048	-0.968122	4.15538	-0.101077	4.15661
0.7	0.0135251	-0.999909	3.86572	0.0773982	3.8665
0.8	-0.228278	-0.973596	3.60572	0.166778	3.60958
0.9	-0.441966	-0.897032	3.42025	0.143793	3.42327
1	-0.603395	-0.797442	3.32245	-0.0307876	3.32259
1.1	-0.704526	-0.709679	3.28354	-0.400873	3.30792
1.2	-0.748649	-0.662967	3.23756	-0.99488	3.38697
1.3	-0.738668	-0.67407	3.09809	-1.80511	3.58561
1.4	-0.667406	-0.744694	2.78025	-2.77291	3.92668
1.5	-0.515553	-0.856858	2.21708	-3.77794	4.38044
1.6	-0.263472	-0.964667	1.36983	-4.61601	4.81498
1.7	0.0687668	-0.997633	0.280219	-4.99204	4.9999
1.8	0.386324	-0.922363	-0.848995	-4.72683	4.80247
1.9	0.606637	-0.794979	-1.79785	-3.99161	4.37781
2	0.725854	-0.687849	-2.48912	-3.06776	3.95055
2.1	0.76902	-0.639225	-2.9328	-2.15466	3.63921
2.2	0.752908	-0.658126	-3.18208	-1.37634	3.46698
2.3	0.679417	-0.733753	-3.32008	-0.797344	3.41448
2.4	0.542886	-0.839807	-3.43592	-0.428606	3.46255
2.5	0.343703	-0.939078	-3.59511	-0.242135	3.60326
2.6	0.0993547	-0.995052	-3.81979	-0.19487	3.82476
2.7	-0.156854	-0.987622	-4.08841	-0.250814	4.09609
2.8	-0.388906	-0.921277	-4.35354	-0.390518	4.37102
2.9	-0.571516	-0.820591	-4.56583	-0.60741	4.60606
3	-0.695318	-0.718702	-4.69121	-0.89984	4.77674
3.1	-0.763446	-0.645872	-4.71509	-1.26597	4.88208
3.2	-0.78303	-0.621984	-4.63457	-1.70164	4.93708
3.3	-0.756806	-0.653639	-4.44663	-2.19806	4.96024
3.4	-0.67985	-0.733351	-4.14109	-2.73829	4.96457
3.5	-0.544003	-0.839083	-3.70175	-3.29441	4.95541
3.6	-0.348874	-0.937169	-3.11377	-3.82773	4.93428
3.7	-0.112413	-0.993662	-2.37298	-4.29363	4.90575
3.8	0.129841	-0.991535	-1.49155	-4.64818	4.88163
3.9	0.339565	-0.940583	-0.498741	-4.85175	4.87732
4	0.492173	-0.870497	0.558896	-4.86994	4.90191
4.1	0.581343	-0.813659	1.6162	-4.67747	4.94882
4.2	0.61184	-0.790981	2.59164	-4.26667	4.9921
4.3	0.590963	-0.806698	3.39793	-3.65642	4.99153
4.4	0.525774	-0.850625	3.96276	-2.89687	4.9087
4.5	0.424543	-0.905408	4.25352	-2.06252	4.7272
4.6	0.297219	-0.954809	4.28767	-1.23105	4.4609
4.7	0.154195	-0.98804	4.11953	-0.462596	4.14542
4.8	0.00579343	-0.999983	3.8194	0.206841	3.82499
4.9	-0.137289	-0.990531	3.45882	0.761037	3.54156
5	-0.264101	-0.964495	3.10223	1.19601	3.3248
5.1	-0.364829	-0.931075	2.80154	1.51312	3.18405
5.2	-0.43253	-0.901619	2.5934	1.71443	3.10886
5.3	-0.463612	-0.886038	2.49956	1.80089	3.08075
5.4	-0.456878	-0.88953	2.52885	1.77232	3.08807
5.5	-0.412546	-0.910937	2.67854	1.6278	3.13438
5.6	-0.332465	-0.943115	2.93393	1.36571	3.23622
5.7	-0.221228	-0.975222	3.26629	0.983661	3.41119
5.8	-0.086695	-0.996235	3.63117	0.479404	3.66268
5.9	0.0609806	-0.998139	3.96916	-0.145987	3.97184
6	0.210952	-0.977496	4.20981	-0.882116	4.30124
6.1	0.352389	-0.935854	4.27843	-1.70151	4.60435
6.2	0.474101	-0.880471	4.10785	-2.55256	4.83632
6.3	0.564558	-0.825394	3.65907	-3.35996	4.9677
6.4	0.613551	-0.789655	2.94297	-4.0414	4.99939
6.5	0.613338	-0.78982	2.0213	-4.53383	4.964
6.6	0.556854	-0.83061	0.982614	-4.80789	4.90727
6.7	0.43704	-0.899442	-0.0845909	-4.86528	4.86602
6.8	0.252803	-0.967518	-1.10748	-4.72912	4.85706
6.9	0.0189357	-0.999821	-2.03358	-4.43307	4.87725
7	-0.230862	-0.972986	-2.82867	-4.0146	4.91104
7.1	-0.45567	-0.890149	-3.47468	-3.51418	4.94195
7.2	-0.626242	-0.779629	-3.96996	-2.97498	4.96095
7.3	-0.734343	-0.678779	-4.32673	-2.43797	4.96632
7.4	-0.786468	-0.617631	-4.5631	-1.9356	4.95666
7.5	-0.790985	-0.611836	-4.69362	-1.48902	4.92415
7.6	-0.7493	-0.662231	-4.7242	-1.10962	4.85277
7.7	-0.655166	-0.755485	-4.65489	-0.802526	4.72356
7.8	-0.501308	-0.865269	-4.49038	-0.569815	4.52639
7.9	-0.289303	-0.957238	-4.25206	-0.412667	4.27204
8	-0.0367344	-0.999325	-3.98114	-0.334763	3.99519
8.1	0.22338	-0.974731	-3.7274	-0.349176	3.74372
8.2	0.452999	-0.891511	-3.52628	-0.484923	3.55947
8.3	0.624713	-0.780855	-3.37529	-0.783552	3.46504
8.4	0.730335	-0.683089	-3.22476	-1.28076	3.46979
8.5	0.774824	-0.632177	-2.99098	-1.98077	3.5874
8.6	0.761849	-0.647754	-2.58568	-2.83728	3.83874
8.7	0.681883	-0.731462	-1.94633	-3.74684	4.2222
8.8	0.510799	-0.8597	-1.05287	-4.5414	4.66185
8.9	0.231909	-0.972737	0.0471908	-4.96847	4.96869
9	-0.10714	-0.994244	1.17322	-4.78379	4.92556
9.1	-0.401379	-0.915912	2.08949	-4.0457	4.55342
9.2	-0.598171	-0.801369	2.71055	-3.04912	4.07973
9.3	-0.705649	-0.708561	3.06766	-2.03602	3.68184
9.4	-0.744959	-0.66711	3.22557	-1.15181	3.42505
9.5	-0.729037	-0.684474	3.26541	-0.473787	3.2996
9.6	-0.659208	-0.751961	3.27424	-0.0253592	3.27434
9.7	-0.531076	-0.847324	3.32636	0.211049	3.33305
9.8	-0.34558	-0.938389	3.4657	0.275762	3.47665
9.9	-0.118155	-0.992995	3.6961	0.211783	3.70216
10	0.122262	-0.992498	3.98413	0.0495914	3.98444
10.1	0.344036	-0.938956	4.27456	-0.196682	4.27908
10.2	0.523847	-0.851812	4.5103	-0.522891	4.54051
10.3	0.651095	-0.758996	4.64759	-0.926359	4.73901
10.4	0.725839	-0.687864	4.66173	-1.40114	4.86774
10.5	0.752728	-0.658331	4.54292	-1.9368	4.93855
10.6	0.734108	-0.679033	4.28677	-2.51714	4.97115
10.7	0.666341	-0.745647	3.88734	-3.11739	4.98292
10.8	0.542401	-0.84012	3.33725	-3.70173	4.98398
10.9	0.36076	-0.932659	2.63388	-4.224	4.9779
11	0.135458	-0.990783	1.78755	-4.63366	4.96651
11.1	-0.102291	-0.994755	0.826723	-4.88538	4.95483
11.2	-0.315751	-0.948842	-0.202763	-4.94725	4.9514
11.3	-0.478726	-0.877964	-1.24223	-4.80442	4.96242
11.4	-0.582341	-0.812945	-2.22539	-4.45992	4.9843
11.5	-0.629958	-0.776629	-3.08432	-3.93513	4.99983
11.6	-0.628419	-0.777875	-3.75784	-3.2692	4.98087
11.7	-0.583239	-0.8123	-4.20241	-2.51571	4.89786
11.8	-0.498787	-0.866725	-4.40335	-1.7353	4.73294
11.9	-0.380217	-0.924897	-4.37978	-0.98421	4.489
12	-0.234698	-0.972068	-4.17852	-0.304062	4.18957
12.1	-0.0720338	-0.997402	-3.86211	0.281394	3.87235
12.2	0.0949332	-0.995484	-3.49793	0.762744	3.58012
12.3	0.251058	-0.967972	-3.14963	1.13804	3.34893
12.4	0.381672	-0.924298	-2.8697	1.40563	3.19546
12.5	0.476176	-0.87935	-2.69429	1.55953	3.11309
12.6	0.529495	-0.848313	-2.64221	1.58896	3.08319
12.7	0.540348	-0.841442	-2.71666	1.4806	3.09394
12.8	0.508496	-0.861064	-2.90664	1.22145	3.15285
12.9	0.433637	-0.901088	-3.18582	0.801719	3.28515
13	0.316529	-0.948583	-3.50949	0.21828	3.51627
13.1	0.160919	-0.986968	-3.8118	-0.520613	3.84719
13.2	-0.0251485	-0.999684	-4.00625	-1.38808	4.2399
13.3	-0.227896	-0.973685	-3.99187	-2.32737	4.62079
13.4	-0.425042	-0.905174	-3.67354	-3.23911	4.89762
13.5	-0.586538	-0.809922	-3.01222	-3.99049	4.99975
13.6	-0.68819	-0.725531	-2.07462	-4.47757	4.93485
13.7	-0.723616	-0.690202	-0.998752	-4.68073	4.7861
13.8	-0.693463	-0.720492	0.0847843	-4.64405	4.64483
13.9	-0.591822	-0.806068	1.0882	-4.43615	4.56767
14	-0.410238	-0.911979	1.96928	-4.12724	4.57298
14.1	-0.154869	-0.987935	2.71872	-3.77046	4.64843
14.2	0.14041	-0.990094	3.33762	-3.39381	4.76
14.3	0.421839	-0.906671	3.82394	-3.01041	4.86673
14.4	0.642653	-0.766157	4.17905	-2.63535	4.9406
14.5	0.785315	-0.619097	4.419	-2.29133	4.97772
14.6	0.859553	-0.511047	4.57131	-2.00198	4.99047
14.7	0.883268	-0.468868	4.66088	-1.78402	4.99065
14.8	0.865304	-0.501247	4.69839	-1.6447	4.97794
14.9	0.799081	-0.601224	4.67672	-1.58303	4.93737
15	0.667773	-0.744365	4.57678	-1.5927	4.84599
15.1	0.459658	-0.888096	4.38315	-1.66671	4.68934
15.2	0.18566	-0.982614	4.10044	-1.80389	4.47969
15.3	-0.115525	-0.993305	3.75181	-2.01494	4.25864
15.4	-0.391755	-0.92007	3.35451	-2.32205	4.07978
15.5	-0.602042	-0.798465	2.89254	-2.74471	3.98751
15.6	-0.732192	-0.681098	2.31398	-3.27356	4.00883
15.7	-0.789121	-0.614238	1.56116	-3.85093	4.15534
15.8	-0.781107	-0.624398	0.612189	-4.37389	4.41653
15.9	-0.701159	-0.713005	-0.493075	-4.70759	4.73334
16	-0.529481	-0.848322	-1.63631	-4.69214	4.96927
16.1	-0.27	-0.96286	-2.61218	-4.20542	4.95066
16.2	0.0181183	-0.999836	-3.23975	-3.32068	4.63927
16.3	0.270109	-0.96283	-3.51066	-2.26889	4.18002
16.4	0.458954	-0.88846	-3.52504	-1.24592	3.73875
16.5	0.582806	-0.812611	-3.39224	-0.366495	3.41198
16.6	0.648564	-0.76116	-3.20479	0.311977	3.21994
16.7	0.663224	-0.748421	-3.03671	0.77161	3.13321
16.8	0.629604	-0.776916	-2.94319	1.02172	3.1155
16.9	0.54647	-0.837479	-2.95982	1.0876	3.15332
17	0.413265	-0.910611	-3.1006	1.0006	3.25806
17.1	0.236746	-0.971572	-3.35473	0.789472	3.44638
17.2	0.0338825	-0.999426	-3.68506	0.473478	3.71536
17.3	-0.172277	-0.985048	-4.03302	0.0611996	4.03349
17.4	-0.35996	-0.932968	-4.32991	-0.443588	4.35257
17.5	-0.513481	-0.858101	-4.50965	-1.03304	4.62646
17.6	-0.6243	-0.781184	-4.51998	-1.68875	4.82515
17.7	-0.689744	-0.724054	-4.33063	-2.38054	4.94179
17.8	-0.709863	-0.704339	-3.93542	-3.06988	4.99116
17.9	-0.683011	-0.730409	-3.34733	-3.71393	4.99979
18	-0.603133	-0.79764	-2.59212	-4.26808	4.99355
18.1	-0.462716	-0.886506	-1.70524	-4.68863	4.9891
18.2	-0.262164	-0.965023	-0.731248	-4.93742	4.99128
18.3	-0.0198217	-0.999804	0.277167	-4.98876	4.99646
18.4	0.228297	-0.973592	1.26335	-4.83735	4.99961
18.5	0.443361	-0.896343	2.17465	-4.50226	4.99995
18.6	0.601315	-0.799012	2.97013	-4.02217	4.99995
18.7	0.69779	-0.716302	3.62292	-3.44461	4.99908
18.8	0.739686	-0.672952	4.11712	-2.81607	4.98808
18.9	0.73404	-0.679106	4.44313	-2.17667	4.94765
19	0.682393	-0.730986	4.59573	-1.55909	4.85299
19.1	0.582138	-0.81309	4.57824	-0.989621	4.68398
19.2	0.43201	-0.901869	4.41056	-0.488222	4.4375
19.3	0.237627	-0.971356	4.1341	-0.0672016	4.13465
19.4	0.0145697	-0.999894	3.80835	0.26788	3.81776
19.5	-0.212217	-0.977223	3.50015	0.512191	3.53742
19.6	-0.4143	-0.91014	3.2679	0.652363	3.33238
19.7	-0.569764	-0.821809	3.14542	0.66057	3.21403
19.8	-0.66992	-0.742433	3.13292	0.497897	3.17224
19.9	-0.71647	-0.697618	3.19786	0.125817	3.20033
20	-0.712405	-0.701769	3.2814	-0.479298	3.31622
20.1	-0.654233	-0.756293	3.3071	-1.3111	3.55751
20.2	-0.529906	-0.848056	3.18984	-2.31893	3.94367
20.3	-0.324066	-0.946034	2.84066	-3.39236	4.42464
20.4	-0.0347753	-0.999395	2.17513	-4.33351	4.84876
20.5	0.291571	-0.956549	1.18113	-4.85638	4.99795
20.6	0.559951	-0.828526	0.0289874	-4.79313	4.79322
20.7	0.720677	-0.693271	-1.0472	-4.28139	4.4076
20.8	0.789882	-0.613259	-1.92283	-3.55285	4.0398
20.9	0.791735	-0.610864	-2.56589	-2.78488	3.78673
21	0.732899	-0.680337	-3.00615	-2.10144	3.66783
21.1	0.60612	-0.795373	-3.31719	-1.5749	3.67206
21.2	0.406187	-0.91379	-3.58184	-1.22302	3.78489
21.3	0.146626	-0.989192	-3.85323	-1.02293	3.9867
21.4	-0.136544	-0.990634	-4.1362	-0.938392	4.24132
21.5	-0.398512	-0.917163	-4.39844	-0.941785	4.49813
21.6	-0.604994	-0.79623	-4.59873	-1.02006	4.7105
21.7	-0.742996	-0.669296	-4.71153	-1.17001	4.85463
21.8	-0.818208	-0.574922	-4.73376	-1.39251	4.93433
21.9	-0.842887	-0.53809	-4.67388	-1.68853	4.96953
22	-0.823149	-0.567825	-4.53624	-2.05543	4.98019
22.1	-0.753279	-0.657701	-4.31249	-2.48309	4.97627
22.2	-0.62003	-0.784578	-3.98257	-2.95098	4.95673
22.3	-0.416412	-0.909176	-3.52333	-3.42852	4.91615
22.4	-0.157676	-0.987491	-2.91992	-3.88058	4.85643
22.5	0.115815	-0.993271	-2.172	-4.27442	4.7946
22.6	0.356247	-0.934392	-1.29117	-4.57939	4.75793
22.7	0.531581	-0.847007	-0.299682	-4.75968	4.7691
22.8	0.633543	-0.773708	0.761727	-4.77165	4.83207
22.9	0.66811	-0.744062	1.82432	-4.57332	4.92375
23	0.642578	-0.766221	2.79117	-4.14017	4.99316
23.1	0.562088	-0.827078	3.55285	-3.48327	4.97553
23.2	0.435578	-0.900151	4.02591	-2.66354	4.82725
23.3	0.278915	-0.960316	4.19445	-1.778	4.55573
23.4	0.109858	-0.993947	4.10916	-0.919055	4.21068
23.5	-0.0563821	-0.998409	3.85241	-0.14911	3.8553
23.6	-0.207306	-0.978276	3.51002	0.498715	3.54527
23.7	-0.332532	-0.943092	3.1577	1.01095	3.31558
23.8	-0.42435	-0.905498	2.85486	1.38509	3.17312
23.9	-0.478367	-0.87816	2.64255	1.62381	3.10159
24	-0.492927	-0.870071	2.54496	1.73209	3.07847
24.1	-0.467781	-0.883844	2.57227	1.71579	3.09201
24.2	-0.403679	-0.914901	2.72234	1.5807	3.14797
24.3	-0.303567	-0.95281	2.98012	1.33136	3.26399
24.4	-0.174233	-0.984704	3.31575	0.969788	3.45466
24.5	-0.0263578	-0.999653	3.68363	0.495669	3.71683
24.6	0.127507	-0.991838	4.02463	-0.0904854	4.02565
24.7	0.27532	-0.961353	4.27126	-0.781212	4.34212
24.8	0.406578	-0.913616	4.35485	-1.55481	4.62409
24.9	0.512098	-0.858927	4.21593	-2.36944	4.83614
25	0.583764	-0.811923	3.81962	-3.16336	4.95947
25.1	0.614717	-0.788748	3.17035	-3.86588	4.99961
25.2	0.598758	-0.80093	2.31289	-4.41504	4.98417
25.3	0.528979	-0.848635	1.31782	-4.77008	4.94877
25.4	0.399146	-0.916887	0.263427	-4.91458	4.92164
25.5	0.210583	-0.977576	-0.777619	-4.85359	4.91548
25.6	-0.0194631	-0.999811	-1.74533	-4.60833	4.92776
25.7	-0.257564	-0.966261	-2.59519	-4.21211	4.94741
25.8	-0.46667	-0.884432	-3.30007	-3.70788	4.96375
25.9	-0.622436	-0.782671	-3.85119	-3.14384	4.97146
26	-0.719168	-0.694836	-4.25466	-2.56575	4.96842
26.1	-0.762784	-0.646653	-4.52326	-2.01004	4.94976
26.2	-0.759708	-0.650264	-4.66808	-1.5015	4.90362
26.3	-0.710237	-0.703963	-4.6948	-1.05508	4.81189
26.4	-0.609121	-0.793077	-4.6075	-0.679291	4.65731
26.5	-0.45186	-0.892089	-4.41879	-0.378788	4.43499
26.6	-0.242706	-0.9701	-4.15893	-0.155719	4.16184
26.7	0.000185471	-1	-3.87612	-0.0129559	3.87614
26.8	0.245982	-0.969274	-3.62495	0.0386311	3.62516
26.9	0.460593	-0.887612	-3.44584	-0.0275003	3.44595
27	0.620189	-0.784452	-3.34432	-0.252797	3.35386
27.1	0.71794	-0.696104	-3.28202	-0.679391	3.35161
27.2	0.757998	-0.652257	-3.18454	-1.3278	3.45027
27.3	0.742894	-0.669409	-2.96239	-2.17636	3.6759
27.4	0.66368	-0.748017	-2.53577	-3.14874	4.04286
27.5	0.49878	-0.866729	-1.85065	-4.10404	4.502
27.6	0.230049	-0.973179	-0.893367	-4.81218	4.8944
27.7	-0.108991	-0.994043	0.241622	-4.97865	4.98451
27.8	-0.414721	-0.909948	1.31803	-4.51516	4.7036
27.9	-0.619079	-0.785329	2.15894	-3.66328	4.25214
28	-0.72726	-0.686362	2.73203	-2.69467	3.83735
28.1	-0.763578	-0.645715	3.07009	-1.78721	3.5524
28.2	-0.742504	-0.669842	3.23971	-1.04659	3.40457
28.3	-0.66477	-0.747048	3.32879	-0.520117	3.36918
28.4	-0.525083	-0.851051	3.42244	-0.205273	3.42859
28.5	-0.325138	-0.945666	3.57719	-0.0671182	3.57782
28.6	-0.0833857	-0.996517	3.80586	-0.0617652	3.80636
28.7	0.167378	-0.985893	4.08029	-0.155745	4.08326
28.8	0.392937	-0.919565	4.34961	-0.332431	4.3623
28.9	0.56985	-0.821749	4.56294	-0.586719	4.60051
29	0.689619	-0.724172	4.68497	-0.916922	4.77386
29.1	0.755132	-0.655572	4.69954	-1.32011	4.88144
29.2	0.772716	-0.634752	4.60215	-1.79035	4.93813
29.3	0.74445	-0.667678	4.38879	-2.31655	4.96265
29.4	0.665368	-0.746515	4.0495	-2.87903	4.96863
29.5	0.527981	-0.849256	3.56984	-3.44677	4.96226
29.6	0.332916	-0.942957	2.9383	-3.97808	4.94558
29.7	0.0986994	-0.995117	2.15537	-4.42588	4.9228
29.8	-0.139623	-0.990205	1.23888	-4.74517	4.90422
29.9	-0.345082	-0.938572	0.224476	-4.89782	4.90296
30	-0.49442	-0.869223	-0.835396	-4.85466	4.92602
30.1	-0.58198	-0.813203	-1.87238	-4.59935	4.96586
30.2	-0.612645	-0.790359	-2.80664	-4.13496	4.99751
30.3	-0.593614	-0.80475	-3.55833	-3.48998	4.98414
30.4	-0.531532	-0.847038	-4.06635	-2.71923	4.89176
30.5	-0.433625	-0.901094	-4.30822	-1.89485	4.7065
30.6	-0.30845	-0.95124	-4.30613	-1.08738	4.4413
30.7	-0.165395	-0.986227	-4.11437	-0.349384	4.12918
30.8	-0.0145481	-0.999894	-3.80129	0.288751	3.81224
30.9	0.1329	-0.991129	-3.43651	0.814229	3.53165
31	0.265048	-0.964235	-3.08298	1.22453	3.31727
31.1	0.37108	-0.928601	-2.79135	1.52069	3.1787
31.2	0.443373	-0.896337	-2.59699	1.70293	3.10553
31.3	0.478079	-0.878317	-2.52018	1.76941	3.0793
31.4	0.473955	-0.880549	-2.56807	1.71678	3.08906
31.5	0.431068	-0.902319	-2.7359	1.5411	3.14009
31.6	0.350838	-0.936436	-3.00622	1.23846	3.25133
31.7	0.237202	-0.97146	-3.34642	0.805527	3.442
31.8	0.0973772	-0.995248	-3.7067	0.241288	3.71454
31.9	-0.0587785	-0.998271	-4.02087	-0.448879	4.04585
32	-0.219927	-0.975516	-4.21076	-1.24617	4.39129
32.1	-0.373444	-0.927653	-4.19489	-2.10941	4.69539
32.2	-0.504904	-0.863176	-3.90609	-2.9684	4.90601
32.3	-0.599445	-0.800416	-3.32098	-3.73184	4.99555
32.4	-0.645772	-0.76353	-2.48125	-4.31754	4.97974
32.5	-0.637083	-0.770795	-1.47716	-4.68158	4.9091
32.6	-0.566719	-0.823911	-0.409453	-4.82082	4.83818
32.7	-0.427378	-0.904073	0.63694	-4.75988	4.8023
32.8	-0.219811	-0.975542	1.60226	-4.53645	4.81109
32.9	0.0355306	-0.999369	2.4494	-4.18892	4.85248
33	0.297951	-0.954581	3.15672	-3.75233	4.90356
33.1	0.523308	-0.852143	3.71561	-3.26237	4.94458
33.2	0.685173	-0.72838	4.13237	-2.75738	4.96786
33.3	0.781134	-0.624363	4.42543	-2.27334	4.97519
33.4	0.821955	-0.569553	4.61571	-1.8374	4.96798
33.5	0.816688	-0.57708	4.71675	-1.46562	4.93921
33.6	0.764491	-0.644634	4.73049	-1.16504	4.87185
33.7	0.655981	-0.754777	4.65181	-0.937458	4.74533
33.8	0.482553	-0.875867	4.48147	-0.782914	4.54935
33.9	0.248389	-0.96866	4.23953	-0.702645	4.29737
34	-0.0226816	-0.999743	3.96635	-0.703668	4.02828
34.1	-0.291139	-0.956681	3.70601	-0.805561	3.79255
34.2	-0.516706	-0.856163	3.47893	-1.0429	3.63189
34.3	-0.67546	-0.737396	3.25991	-1.45352	3.56928
34.4	-0.764815	-0.64425	2.97886	-2.0531	3.61785
34.5	-0.792473	-0.609907	2.54762	-2.81077	3.79352
34.6	-0.759696	-0.650278	1.89762	-3.64004	4.10498
34.7	-0.650647	-0.75938	1.0067	-4.39988	4.51357
34.8	-0.438477	-0.898742	-0.0843244	-4.88303	4.88376
34.9	-0.127659	-0.991818	-1.22591	-4.8381	4.99099
35	0.199191	-0.979961	-2.17431	-4.19967	4.72914
35.1	0.455022	-0.89048	-2.80183	-3.21275	4.26286
35.2	0.619326	-0.785134	-3.13958	-2.15283	3.80679
35.3	0.706169	-0.708044	-3.26434	-1.19287	3.47546
35.4	0.732489	-0.680779	-3.25947	-0.427239	3.28735
35.5	0.70676	-0.707454	-3.20966	0.10599	3.21141
35.6	0.628148	-0.778094	-3.19089	0.411437	3.2173
35.7	0.49281	-0.870137	-3.25749	0.521002	3.29889
35.8	0.304036	-0.952661	-3.43175	0.476992	3.46474
35.9	0.079167	-0.996861	-3.69909	0.316431	3.7126
36	-0.153491	-0.98815	-4.01328	0.061625	4.01375
36.1	-0.365173	-0.93094	-4.31164	-0.278686	4.32063
36.2	-0.535525	-0.844519	-4.53295	-0.700891	4.58681
36.3	-0.655419	-0.755265	-4.63079	-1.1985	4.78336
36.4	-0.724782	-0.688978	-4.57905	-1.75885	4.90523
36.5	-0.747214	-0.664584	-4.36862	-2.36324	4.96686
36.6	-0.72373	-0.690083	-3.99881	-2.98657	4.991
36.7	-0.649495	-0.760366	-3.47131	-3.59539	4.99768
36.8	-0.516857	-0.856072	-2.7907	-4.14691	4.99849
36.9	-0.324862	-0.945761	-1.96995	-4.59181	4.99654
37	-0.0895948	-0.995978	-1.03636	-4.88232	4.9911
37.1	0.155095	-0.9879	-0.0334016	-4.98346	4.98357
37.2	0.371079	-0.928601	0.983912	-4.88138	4.97955
37.3	0.532983	-0.846126	1.9568	-4.58414	4.98432
37.4	0.634059	-0.773285	2.82907	-4.11723	4.99551
37.5	0.679401	-0.733767	3.55111	-3.51824	4.99884
37.6	0.676059	-0.736848	4.0833	-2.83225	4.9694
37.7	0.627949	-0.778255	4.40053	-2.10778	4.87928
37.8	0.536663	-0.843796	4.49885	-1.39249	4.70943
37.9	0.404877	-0.914371	4.40049	-0.727179	4.46017
38	0.239123	-0.970989	4.15189	-0.140163	4.15425
38.1	0.051208	-0.998688	3.81553	0.354054	3.83192
38.2	-0.141645	-0.989918	3.4599	0.750454	3.54035
38.3	-0.319075	-0.947729	3.14886	1.04562	3.31793
38.4	-0.462885	-0.886418	2.93127	1.23012	3.17892
38.5	-0.562261	-0.82696	2.83437	1.28559	3.1123
38.6	-0.614263	-0.789102	2.86319	1.18759	3.09972
38.7	-0.619527	-0.784975	3.00296	0.91136	3.13821
38.8	-0.577533	-0.816367	3.22059	0.438321	3.25028
38.9	-0.48503	-0.874497	3.46373	-0.236304	3.47178
39	-0.338107	-0.941108	3.65895	-1.09455	3.81916
39.1	-0.136535	-0.990635	3.71085	-2.08501	4.25648
39.2	0.10955	-0.993981	3.50625	-3.10643	4.68441
39.3	0.368632	-0.929575	2.94486	-3.98949	4.95865
39.4	0.585962	-0.810338	2.03016	-4.54053	4.97372
39.5	0.721217	-0.692709	0.918973	-4.68782	4.77704
39.6	0.775288	-0.631607	-0.199666	-4.51097	4.51539
39.7	0.760968	-0.648789	-1.20324	-4.13331	4.30488
39.8	0.677714	-0.735325	-2.03992	-3.67037	4.19915
39.9	0.515157	-0.857096	-2.7157	-3.21539	4.20877
40	0.272443	-0.962172	-3.26863	-2.8225	4.31861
40.1	-0.0244601	-0.999701	-3.73098	-2.50359	4.49313
40.2	-0.324872	-0.945758	-4.10725	-2.24714	4.68179
40.3	-0.576418	-0.817155	-4.38426	-2.04205	4.83649
40.4	-0.750437	-0.660942	-4.55722	-1.88912	4.93326
40.5	-0.848964	-0.52845	-4.64192	-1.79869	4.97822
40.6	-0.890373	-0.455231	-4.66374	-1.78251	4.99278
40.7	-0.889387	-0.457155	-4.64002	-1.84739	4.99426
40.8	-0.845539	-0.533914	-4.57017	-1.99239	4.98558
40.9	-0.74338	-0.66887	-4.4354	-2.20802	4.95461
41	-0.564574	-0.825383	-4.20737	-2.47766	4.8827
41.1	-0.308692	-0.951162	-3.86422	-2.78372	4.76248
41.2	-0.00753962	-0.999972	-3.40168	-3.11652	4.61348
41.3	0.28425	-0.95875	-2.82445	-3.47589	4.47876
41.4	0.517226	-0.855849	-2.12698	-3.85721	4.40478
41.5	0.668846	-0.743401	-1.29164	-4.23002	4.42282
41.6	0.741915	-0.670494	-0.312696	-4.52897	4.53975
41.7	0.746089	-0.665846	0.774759	-4.66574	4.72963
41.8	0.681799	-0.731539	1.87972	-4.54795	4.9211
41.9	0.542998	-0.839734	2.85436	-4.10433	4.99929
42	0.340596	-0.94021	3.53669	-3.34541	4.86826
42.1	0.111615	-0.993752	3.85706	-2.39791	4.54168
42.2	-0.106157	-0.994349	3.87104	-1.42081	4.12355
42.3	-0.290419	-0.9569	3.68639	-0.526814	3.72385
42.4	-0.43096	-0.902371	3.40794	0.221405	3.41512
42.5	-0.5245	-0.85141	3.12101	0.794875	3.22064
42.6	-0.571535	-0.820578	2.88838	1.18665	3.12264
42.7	-0.573539	-0.819179	2.75172	1.40403	3.08922
42.8	-0.531018	-0.847361	2.73467	1.46246	3.10116
42.9	-0.444126	-0.895964	2.84479	1.38066	3.16213
43	-0.315925	-0.948784	3.07288	1.1763	3.29033
43.1	-0.155686	-0.987807	3.39084	0.862108	3.49871
43.2	0.0212486	-0.999774	3.75159	0.444026	3.77777
43.3	0.197341	-0.980335	4.09374	-0.0758797	4.09445
43.4	0.357093	-0.934069	4.3498	-0.692558	4.40458
43.5	0.488965	-0.872304	4.45527	-1.39038	4.66718
43.6	0.585318	-0.810804	4.35864	-2.13821	4.85487
43.7	0.641587	-0.76705	4.03178	-2.88993	4.96054
43.8	0.654656	-0.755927	3.47621	-3.59121	4.99808
43.9	0.620314	-0.784353	2.72071	-4.18852	4.99459
44	0.53197	-0.846763	1.81305	-4.63607	4.97798
44.1	0.384119	-0.923283	0.811812	-4.90035	4.96714
44.2	0.180958	-0.983491	-0.220216	-4.96332	4.96821
44.3	-0.0560842	-0.998426	-1.22173	-4.82482	4.9771
44.4	-0.291347	-0.956618	-2.13882	-4.50441	4.98641
44.5	-0.489872	-0.871794	-2.93155	-4.0401	4.99164
44.6	-0.632101	-0.774886	-3.57771	-3.48107	4.99177
44.7	-0.716066	-0.698032	-4.07052	-2.87694	4.98457
44.8	-0.748534	-0.663096	-4.41172	-2.26967	4.96132
44.9	-0.734935	-0.678138	-4.60469	-1.69055	4.90522
45	-0.674861	-0.737945	-4.65237	-1.16148	4.79517
45.1	-0.564189	-0.825646	-4.56214	-0.69769	4.61518
45.2	-0.401242	-0.915972	-4.35493	-0.309057	4.36588
45.3	-0.193049	-0.981189	-4.07098	-0.000561784	4.07098
45.4	0.041408	-0.999142	-3.76676	0.224738	3.77345
45.5	0.273191	-0.96196	-3.50268	0.358177	3.52095
45.6	0.472067	-0.881563	-3.32476	0.37706	3.34607
45.7	0.617977	-0.786196	-3.24726	0.243328	3.25637
45.8	0.705807	-0.708404	-3.24553	-0.0863844	3.24668
45.9	0.739255	-0.673425	-3.26063	-0.643318	3.32349
46	0.719997	-0.693978	-3.21206	-1.42812	3.51523
46.1	0.640015	-0.768362	-3.01416	-2.39531	3.85003
46.2	0.48129	-0.876561	-2.5889	-3.44053	4.30577
46.3	0.227274	-0.973831	-1.8729	-4.37813	4.76191
46.4	-0.102223	-0.994761	-0.861605	-4.92202	4.99686
46.5	-0.416837	-0.908981	0.285779	-4.84679	4.85521
46.6	-0.633075	-0.774091	1.32924	-4.25968	4.46226
46.7	-0.746523	-0.66536	2.14611	-3.42809	4.04445
46.8	-0.783522	-0.621364	2.71607	-2.55858	3.73141
46.9	-0.760504	-0.649333	3.07438	-1.78672	3.55587
47	-0.677618	-0.735414	3.29637	-1.19085	3.50488
47.1	-0.528009	-0.849239	3.47161	-0.793907	3.56123
47.2	-0.313284	-0.949659	3.66913	-0.575009	3.71391
47.3	-0.0546266	-0.998507	3.91342	-0.493887	3.94446
47.4	0.210597	-0.977573	4.18378	-0.515142	4.21537
47.5	0.444267	-0.895894	4.43468	-0.619066	4.47768
47.6	0.621811	-0.783167	4.62178	-0.798647	4.69028
47.7	0.736731	-0.676186	4.71901	-1.05229	4.83491
47.8	0.795315	-0.606196	4.71993	-1.37909	4.91728
47.9	0.806115	-0.591759	4.62668	-1.77635	4.95597
48	0.770912	-0.636942	4.43718	-2.23648	4.96894
48.1	0.682489	-0.730896	4.1394	-2.7433	4.96592
48.2	0.531219	-0.847234	3.71433	-3.26959	4.94838
48.3	0.318316	-0.947985	3.14479	-3.77836	4.91587
48.4	0.066632	-0.997778	2.42495	-4.22862	4.87459
48.5	-0.18322	-0.983072	1.5645	-4.58105	4.84084
48.6	-0.391412	-0.920215	0.588009	-4.79845	4.83435
48.7	-0.535719	-0.844397	-0.463512	-4.84374	4.86587
48.8	-0.613128	-0.789983	-1.52788	-4.68398	4.92688
48.9	-0.630043	-0.776561	-2.52122	-4.30125	4.98571
49	-0.593597	-0.804763	-3.34804	-3.70529	4.99385
49.1	-0.510879	-0.859652	-3.92551	-2.94299	4.9062
49.2	-0.391955	-0.919984	-4.21592	-2.09356	4.70712
49.3	-0.249581	-0.968354	-4.24016	-1.2427	4.41851
49.4	-0.0964541	-0.995337	-4.05999	-0.456466	4.08557
49.5	0.0557944	-0.998442	-3.75217	0.226048	3.75898
49.6	0.196137	-0.980577	-3.39209	0.787089	3.48221
49.7	0.314311	-0.94932	-3.04514	1.22187	3.28114
49.8	0.4021	-0.915596	-2.76193	1.53163	3.15819
49.9	0.454427	-0.890784	-2.57666	1.71929	3.0976
50	0.469092	-0.883149	-2.50854	1.78776	3.08039
50.1	0.445644	-0.89521	-2.56404	1.73952	3.09842
50.2	0.38493	-0.922946	-2.73804	1.57647	3.15945
50.3	0.289968	-0.957036	-3.01292	1.29927	3.28113
50.4	0.167131	-0.985935	-3.35665	0.90693	3.47702
50.5	0.0260405	-0.999661	-3.72191	0.397794	3.74311
50.6	-0.122116	-0.992516	-4.04813	-0.22675	4.05448
50.7	-0.266378	-0.963869	-4.26637	-0.955953	4.37216
50.8	-0.396577	-0.918001	-4.30645	-1.76231	4.65309
50.9	-0.502931	-0.864326	-4.10875	-2.59582	4.86005
51	-0.576033	-0.817427	-3.64245	-3.38591	4.97311
51.1	-0.607696	-0.79417	-2.92194	-4.05673	4.99948
51.2	-0.590923	-0.806728	-2.00502	-4.54843	4.97075
51.3	-0.518543	-0.855051	-0.972932	-4.82916	4.92619
51.4	-0.384575	-0.923094	0.0911833	-4.8947	4.89555
51.5	-0.191354	-0.981521	1.11588	-4.76188	4.89088
51.6	0.0421832	-0.99911	2.04676	-4.46056	4.90774
51.7	0.281126	-0.959671	2.84682	-4.02842	4.9328
51.8	0.488196	-0.872734	3.49648	-3.50907	4.95367
51.9	0.640114	-0.76828	3.99355	-2.94875	4.96423
52	0.732591	-0.680669	4.34909	-2.38974	4.9624
52.1	0.772329	-0.635223	4.57877	-1.86447	4.94382
52.2	0.765621	-0.643292	4.69456	-1.39391	4.89713
52.3	0.711987	-0.702192	4.70163	-0.989816	4.80469
52.4	0.605337	-0.79597	4.60296	-0.658217	4.64979
52.5	0.440973	-0.897521	4.41016	-0.401996	4.42844
52.6	0.224145	-0.974556	4.15284	-0.222629	4.1588
52.7	-0.0248801	-0.99969	3.8781	-0.124057	3.88009
52.8	-0.273097	-0.961986	3.63733	-0.12025	3.63932
52.9	-0.485704	-0.874123	3.46397	-0.241608	3.47239
53	-0.640113	-0.768281	3.35284	-0.530951	3.39462
53.1	-0.731392	-0.681957	3.25381	-1.02566	3.41164
53.2	-0.764501	-0.644622	3.0844	-1.73364	3.53822
53.3	-0.740887	-0.671629	2.7556	-2.61446	3.79852
53.4	-0.648934	-0.760845	2.19826	-3.57038	4.19284
53.5	-0.464864	-0.885382	1.3777	-4.43573	4.64475
53.6	-0.176076	-0.984377	0.318082	-4.95374	4.96394
53.7	0.163996	-0.986461	-0.821994	-4.86303	4.93202
53.8	0.449545	-0.893258	-1.80099	-4.20008	4.56993
53.9	0.633027	-0.77413	-2.50668	-3.25249	4.10635
54	0.727148	-0.686481	-2.94825	-2.26492	3.7178
54.1	0.754203	-0.656642	-3.17829	-1.3884	3.46831
54.2	0.725681	-0.688032	-3.27428	-0.706593	3.34965
54.3	0.640955	-0.767578	-3.32511	-0.247635	3.33432
54.4	0.49548	-0.868619	-3.40814	0.00418697	3.40814
54.5	0.293088	-0.956086	-3.56793	0.0891539	3.56905
54.6	0.0538965	-0.998547	-3.80622	0.0500206	3.80655
54.7	-0.189751	-0.981832	-4.08764	-0.0838098	4.0885
54.8	-0.405974	-0.913884	-4.35847	-0.299257	4.36873
54.9	-0.573907	-0.81892	-4.56751	-0.592741	4.60581
55	-0.686504	-0.727126	-4.67958	-0.962306	4.7775
55.1	-0.746651	-0.665217	-4.6779	-1.40365	4.88395
55.2	-0.759736	-0.650232	-4.55661	-1.90871	4.94023
55.3	-0.726863	-0.686782	-4.31057	-2.46358	4.96491
55.4	-0.642847	-0.765995	-3.92999	-3.04518	4.97172
55.5	-0.501167	-0.865351	-3.40253	-3.61891	4.96726
55.6	-0.304274	-0.952585	-2.72098	-4.13998	4.95411
55.7	-0.0721294	-0.997395	-1.89173	-4.55957	4.93642
55.8	0.160506	-0.987035	-0.939378	-4.83285	4.92329
55.9	0.358649	-0.933472	0.0935869	-4.92468	4.92557
56	0.501314	-0.865266	1.14913	-4.81246	4.94775
56.1	0.584134	-0.811657	2.15666	-4.48959	4.98072
56.2	0.612229	-0.79068	3.03938	-3.97013	4.99998
56.3	0.592552	-0.805532	3.72618	-3.29156	4.9718
56.4	0.531252	-0.847214	4.16817	-2.5124	4.8668
56.5	0.434659	-0.900595	4.35362	-1.70167	4.67437
56.6	0.310206	-0.950669	4.31011	-0.922387	4.4077
56.7	0.166478	-0.986045	4.0923	-0.219305	4.09818
56.8	0.0134442	-0.99991	3.76679	0.382987	3.78621
56.9	-0.137193	-0.990544	3.40106	0.875131	3.51185
57	-0.272691	-0.962102	3.05605	1.2559	3.30404
57.1	-0.381492	-0.924372	2.78035	1.52568	3.17144
57.2	-0.455622	-0.890173	2.60718	1.68262	3.10299
57.3	-0.491231	-0.871029	2.5545	1.72194	3.08068
57.4	-0.487162	-0.873312	2.62693	1.63715	3.09532
57.5	-0.443408	-0.89632	2.81665	1.42145	3.155
57.6	-0.361058	-0.932543	3.10218	1.06895	3.28119
57.7	-0.243519	-0.969896	3.44564	0.576109	3.49347
57.8	-0.0974376	-0.995242	3.79062	-0.0555634	3.79103
57.9	0.0675833	-0.997714	4.06337	-0.814202	4.14414
58	0.239502	-0.970896	4.17807	-1.66926	4.49919
58.1	0.403261	-0.915085	4.04876	-2.5614	4.79095
58.2	0.540449	-0.841377	3.61591	-3.39902	4.96267
58.3	0.63333	-0.773882	2.88444	-4.08032	4.9969
58.4	0.671338	-0.741151	1.9329	-4.537	4.93158
58.5	0.64952	-0.760345	0.873235	-4.75408	4.83362
58.6	0.561334	-0.827589	-0.192805	-4.75586	4.75976
58.7	0.399632	-0.916676	-1.1925	-4.58616	4.73866
58.8	0.168749	-0.985659	-2.08331	-4.29144	4.7704
58.9	-0.103708	-0.994608	-2.84313	-3.90933	4.83386
59	-0.370905	-0.928671	-3.46025	-3.46953	4.9001
59.1	-0.588629	-0.808403	-3.93326	-3.00236	4.9482
59.2	-0.73615	-0.676819	-4.27494	-2.54149	4.97335
59.3	-0.817457	-0.57599	-4.50832	-2.11792	4.98102
59.4	-0.846273	-0.53275	-4.6554	-1.75363	4.97473
59.5	-0.830662	-0.556778	-4.72734	-1.46006	4.94768
59.6	-0.766575	-0.642155	-4.72157	-1.24047	4.88181
59.7	-0.641716	-0.766942	-4.62835	-1.09372	4.75582
59.8	-0.447588	-0.89424	-4.44567	-1.01817	4.56077
59.9	-0.192919	-0.981215	-4.19277	-1.01569	4.31404
60	0.0912157	-0.995831	-3.9075	-1.09712	4.0586
60.1	0.35998	-0.93296	-3.62429	-1.28737	3.84614
60.2	0.573794	-0.819	-3.34493	-1.62124	3.71712
60.3	0.714528	-0.699607	-3.02349	-2.12341	3.69464
60.4	0.785058	-0.619422	-2.58078	-2.78071	3.79378
60.5	0.793712	-0.608294	-1.94228	-3.52623	4.02576
60.6	0.737043	-0.675846	-1.07499	-4.24187	4.37597
60.7	0.593385	-0.804919	-0.00699821	-4.7596	4.75961
60.8	0.34275	-0.939427	1.14595	-4.85795	4.99129
60.9	0.0229086	-0.999738	2.15748	-4.38258	4.88484
61	-0.273672	-0.961823	2.84368	-3.46824	4.485
61.1	-0.492302	-0.870424	3.20459	-2.39784	4.00238
61.2	-0.629404	-0.777078	3.32524	-1.37771	3.59935
61.3	-0.698655	-0.715459	3.29678	-0.52445	3.33824
61.4	-0.712616	-0.701554	3.20491	0.106545	3.20668
61.5	-0.676192	-0.736725	3.12627	0.504756	3.16676
61.6	-0.587342	-0.809339	3.12081	0.690522	3.19629
61.7	-0.443684	-0.896183	3.22385	0.70043	3.29906
61.8	-0.25151	-0.967855	3.43969	0.573272	3.48713
61.9	-0.0301213	-0.999546	3.7395	0.338349	3.75477
62	0.193153	-0.981169	4.06821	0.0107544	4.06823
62.1	0.392661	-0.919683	4.35928	-0.40402	4.37797
62.2	0.551095	-0.834443	4.55054	-0.900937	4.63887
62.3	0.660924	-0.750452	4.59594	-1.46855	4.82486
62.4	0.72209	-0.691799	4.47077	-2.08729	4.93402
62.5	0.737076	-0.67581	4.16883	-2.73081	4.98362
62.6	0.705313	-0.708896	3.69472	-3.36661	4.9985
62.7	0.620724	-0.784029	3.05858	-3.95528	4.99992
62.8	0.475774	-0.879567	2.27673	-4.4512	4.99967
62.9	0.271739	-0.962371	1.37568	-4.80702	4.99999
63	0.0284438	-0.999595	0.39535	-4.98273	4.99839
63.1	-0.217403	-0.976082	-0.612401	-4.95653	4.99422
63.2	-0.42794	-0.903807	-1.59097	-4.73099	4.99134
63.3	-0.580798	-0.814048	-2.48746	-4.33039	4.99397
63.4	-0.672503	-0.740095	-3.25748	-3.79262	4.99951
63.5	-0.709776	-0.704427	-3.86617	-3.1615	4.99423
63.6	-0.699349	-0.71478	-4.28805	-2.48148	4.9543
63.7	-0.643552	-0.765402	-4.50882	-1.79482	4.85292
63.8	-0.54209	-0.840321	-4.53088	-1.13961	4.672
63.9	-0.396505	-0.918033	-4.37921	-0.546486	4.41318
64	-0.21385	-0.976867	-4.10142	-0.035185	4.10158
64.1	-0.0084519	-0.999964	-3.76094	0.38525	3.78062
64.2	0.198573	-0.980086	-3.42642	0.710888	3.49939
64.3	0.383474	-0.923552	-3.15897	0.93415	3.2942
64.4	0.527278	-0.849693	-2.99982	1.03698	3.174
64.5	0.621175	-0.783672	-2.96365	0.990887	3.12491
64.6	0.664888	-0.746943	-3.03902	0.763382	3.13343
64.7	0.660097	-0.751181	-3.19184	0.327065	3.20855
64.8	0.604803	-0.796375	-3.36794	-0.330195	3.38409
64.9	0.492144	-0.870514	-3.49478	-1.19371	3.69302
65	0.313961	-0.949436	-3.48236	-2.20957	4.1242
65.1	0.0690423	-0.997614	-3.22443	-3.26764	4.59069
65.2	-0.220587	-0.975367	-2.61903	-4.17654	4.92978
65.3	-0.492538	-0.870291	-1.66042	-4.696	4.98091
65.4	-0.68047	-0.732776	-0.520034	-4.72956	4.75806
65.5	-0.773498	-0.633799	0.589965	-4.39425	4.43367
65.6	-0.791858	-0.610705	1.54437	-3.85756	4.15522
65.7	-0.745725	-0.666254	2.29918	-3.2602	3.98938
65.8	-0.628703	-0.777645	2.87371	-2.70977	3.94982
65.9	-0.432477	-0.901645	3.32657	-2.26896	4.02669
66	-0.166866	-0.98598	3.71502	-1.95085	4.19609
66.1	0.131511	-0.991315	4.06148	-1.73655	4.41715
66.2	0.411584	-0.911372	4.35155	-1.6018	4.637
66.3	0.631652	-0.775252	4.55921	-1.53308	4.81006
66.4	0.77588	-0.63088	4.67372	-1.52915	4.91751
66.5	0.852567	-0.522618	4.70596	-1.59563	4.96911
66.6	0.878327	-0.478061	4.67449	-1.73867	4.98737
66.7	0.861932	-0.507025	4.58869	-1.96005	4.98978
66.8	0.797261	-0.603635	4.441	-2.25383	4.98019
66.9	0.667569	-0.744548	4.20879	-2.60459	4.94953
67	0.460841	-0.887483	3.86436	-2.98892	4.88538
67.1	0.189317	-0.981916	3.38906	-3.38226	4.78805
67.2	-0.104674	-0.994507	2.77913	-3.76645	4.68078
67.3	-0.367272	-0.930114	2.03712	-4.12681	4.60222
67.4	-0.560584	-0.828097	1.16392	-4.43726	4.58738
67.5	-0.674267	-0.738488	0.169003	-4.64859	4.65166
67.6	-0.715281	-0.698837	-0.908403	-4.69417	4.78126
67.7	-0.690655	-0.723185	-1.98581	-4.5077	4.92573
67.8	-0.600992	-0.799255	-2.93886	-4.04492	4.99983
67.9	-0.451262	-0.892391	-3.63122	-3.31888	4.91943
68	-0.262608	-0.964902	-3.98712	-2.42367	4.66597
68.1	-0.0637749	-0.997964	-4.03356	-1.48869	4.29951
68.2	0.122574	-0.992459	-3.85964	-0.615633	3.90843
68.3	0.281878	-0.95945	-3.56525	0.135802	3.56784
68.4	0.405174	-0.91424	-3.23827	0.736617	3.32099
68.5	0.487724	-0.872998	-2.94702	1.17701	3.17337
68.6	0.528026	-0.849228	-2.73891	1.45883	3.10319
68.7	0.526124	-0.850408	-2.64263	1.5907	3.08445
68.8	0.482258	-0.876029	-2.67131	1.58467	3.10597
68.9	0.397432	-0.917632	-2.82407	1.45342	3.17613
69	0.27581	-0.961212	-3.08514	1.20766	3.31309
69.1	0.126723	-0.991938	-3.42202	0.853707	3.5269
69.2	-0.0361252	-0.999347	-3.78581	0.393439	3.8062
69.3	-0.197884	-0.980225	-4.11537	-0.17196	4.11896
69.4	-0.345524	-0.93841	-4.34419	-0.835263	4.42376
69.5	-0.468878	-0.883263	-4.40841	-1.57617	4.6817
69.6	-0.560334	-0.828267	-4.25678	-2.35676	4.86564
69.7	-0.614248	-0.789113	-3.86286	-3.12289	4.96731
69.8	-0.626026	-0.779802	-3.23347	-3.81316	4.99955
69.9	-0.590429	-0.80709	-2.40666	-4.37098	4.98974
70	-0.500807	-0.865559	-1.44134	-4.75341	4.96713
70.1	-0.352546	-0.935795	-0.405643	-4.93544	4.95208
70.2	-0.151089	-0.98852	0.632478	-4.91102	4.95158
70.3	0.0815408	-0.99667	1.61194	-4.69233	4.96148
70.4	0.310444	-0.950592	2.48384	-4.30862	4.97329
70.5	0.502314	-0.864685	3.21608	-3.8033	4.98079
70.6	0.638956	-0.769244	3.79509	-3.22664	4.98136
70.7	0.718793	-0.695224	4.22183	-2.62622	4.97201
70.8	0.748191	-0.663484	4.50384	-2.04011	4.94435
70.9	0.731867	-0.681448	4.64824	-1.49511	4.88277
71	0.668757	-0.743481	4.65995	-1.00872	4.76788
71.1	0.554345	-0.832287	4.54713	-0.592167	4.58553
71.2	0.387017	-0.922072	4.3305	-0.252032	4.33783
71.3	0.174543	-0.98465	4.04923	0.00873813	4.04924
71.4	-0.0627344	-0.99803	3.75768	0.187065	3.76233
71.5	-0.294595	-0.955622	3.51241	0.271863	3.52291
71.6	-0.490624	-0.871371	3.35287	0.236568	3.36121
71.7	-0.631834	-0.775103	3.28419	0.0402407	3.28443
71.8	-0.714365	-0.699773	3.27113	-0.359471	3.29083
71.9	-0.742194	-0.670185	3.24526	-0.98678	3.39196
72	-0.715917	-0.698185	3.12099	-1.82873	3.6173
72.1	-0.625378	-0.780322	2.81483	-2.82115	3.98524
72.2	-0.450588	-0.892732	2.25795	-3.83617	4.45135
72.3	-0.177563	-0.984109	1.40767	-4.65658	4.8647
72.4	0.158483	-0.987362	0.312968	-4.98438	4.99419
72.5	0.456497	-0.889725	-0.813249	-4.68284	4.75293
72.6	0.650378	-0.759611	-1.76159	-3.9506	4.32556
72.7	0.747677	-0.664062	-2.45998	-3.05381	3.92139
72.8	0.773639	-0.633627	-2.9165	-2.17729	3.63958
72.9	0.741227	-0.671254	-3.1847	-1.43749	3.49409
73	0.648975	-0.76081	-3.34883	-0.893278	3.46592
73.1	0.491206	-0.871043	-3.49595	-0.550705	3.53906
73.2	0.272617	-0.962123	-3.68469	-0.379243	3.70415
73.3	0.0168409	-0.999858	-3.92786	-0.337006	3.94229
73.4	-0.239235	-0.970962	-4.19707	-0.391691	4.21531
73.5	-0.460634	-0.88759	-4.44437	-0.527232	4.47553
73.6	-0.62636	-0.779534	-4.62615	-0.738663	4.68475
73.7	-0.731924	-0.681386	-4.71716	-1.0248	4.82719
73.8	-0.783456	-0.621447	-4.71007	-1.38413	4.90924
73.9	-0.787991	-0.615687	-4.6047	-1.81264	4.94863
74	-0.745875	-0.666086	-4.39655	-2.30088	4.96223
74.1	-0.649867	-0.760048	-4.07239	-2.8304	4.95939
74.2	-0.492398	-0.87037	-3.61388	-3.37164	4.94248
74.3	-0.278063	-0.960563	-3.00642	-3.88564	4.91292
74.4	-0.0319639	-0.999489	-2.24775	-4.3297	4.87839
74.5	0.206364	-0.978475	-1.35163	-4.66258	4.85454
74.6	0.400836	-0.91615	-0.347818	-4.84546	4.85793
74.7	0.53279	-0.846247	0.715948	-4.84205	4.8947
74.8	0.600716	-0.799462	1.77101	-4.62443	4.95196
74.9	0.610991	-0.791638	2.73054	-4.18391	4.99609
75	0.570808	-0.821084	3.50293	-3.54187	4.9815
75.1	0.487843	-0.872931	4.01741	-2.75498	4.8713
75.2	0.372156	-0.92817	4.25117	-1.90454	4.65829
75.3	0.23535	-0.971911	4.23414	-1.07027	4.36731
75.4	0.0886449	-0.996063	4.02938	-0.310062	4.04129
75.5	-0.0574037	-0.998351	3.71083	0.343444	3.72669
75.6	-0.192377	-0.981321	3.34997	0.876579	3.46276
75.7	-0.306314	-0.951931	3.00848	1.28685	3.27215
75.8	-0.391084	-0.920355	2.73392	1.57651	3.1559
75.9	-0.441539	-0.897242	2.55829	1.74871	3.09884
76	-0.455342	-0.890316	2.4993	1.806	3.08352
76.1	-0.431997	-0.901875	2.56243	1.75018	3.10309
76.2	-0.372443	-0.928055	2.74184	1.58217	3.16559
76.3	-0.279815	-0.960054	3.0194	1.30162	3.28801
76.4	-0.160418	-0.987049	3.36295	0.906584	3.48301
76.5	-0.0235098	-0.999724	3.72553	0.394792	3.74639
76.6	0.120293	-0.992738	4.0474	-0.232604	4.05408
76.7	0.260629	-0.965439	4.26063	-0.964809	4.3685
76.8	0.387821	-0.921735	4.29594	-1.77416	4.64787
76.9	0.492385	-0.870378	4.09409	-2.61041	4.85549
77	0.564921	-0.825145	3.62393	-3.40244	4.97086
77.1	0.596963	-0.802269	2.89915	-4.07334	4.99972
77.2	0.581202	-0.813759	1.97744	-4.56216	4.97228
77.3	0.51044	-0.859913	0.940827	-4.83669	4.92735
77.4	0.378922	-0.925428	-0.126364	-4.89339	4.89502
77.5	0.189053	-0.981967	-1.15184	-4.75052	4.88817
77.6	-0.0407113	-0.999171	-2.08104	-4.43967	4.90321
77.7	-0.276415	-0.961038	-2.87742	-3.99991	4.92736
77.8	-0.481569	-0.876408	-3.52214	-3.47544	4.94814
77.9	-0.632967	-0.774179	-4.01355	-2.91233	4.95885
78	-0.725795	-0.687911	-4.36305	-2.35235	4.95679
78.1	-0.76616	-0.642649	-4.58666	-1.82746	4.93731
78.2	-0.760083	-0.649826	-4.69685	-1.35827	4.8893
78.3	-0.707185	-0.707029	-4.69941	-0.956288	4.79572
78.4	-0.601671	-0.798744	-4.598	-0.627301	4.64059
78.5	-0.439052	-0.898462	-4.40451	-0.373937	4.42036
78.6	-0.224477	-0.974479	-4.14827	-0.197408	4.15297
78.7	0.0222052	-0.999753	-3.87561	-0.101398	3.87694
78.8	0.268548	-0.963266	-3.63709	-0.0995677	3.63845
78.9	0.48014	-0.877192	-3.46582	-0.221931	3.47292
79	0.634376	-0.773025	-3.35703	-0.511013	3.3957
79.1	0.725957	-0.68774	-3.2615	-1.00432	3.41263
79.2	0.759441	-0.650576	-3.09757	-1.71052	3.53847
79.3	0.736123	-0.676848	-2.77647	-2.59039	3.79723
79.4	0.6446	-0.76452	-2.22839	-3.54767	4.18947
79.5	0.461618	-0.887079	-1.41713	-4.41841	4.64011
79.6	0.174868	-0.984592	-0.364019	-4.94813	4.9615
79.7	-0.163198	-0.986593	0.776804	-4.87457	4.93608
79.8	-0.447701	-0.894183	1.76426	-4.22693	4.58035
79.9	-0.630657	-0.776061	2.48168	-3.2887	4.11998
80	-0.724331	-0.689453	2.93496	-2.30487	3.73181
80.1	-0.750793	-0.660537	3.17496	-1.42767	3.48117
80.2	-0.721411	-0.692507	3.27828	-0.741995	3.3612
80.3	-0.635606	-0.772014	3.33366	-0.277126	3.34516
80.4	-0.489133	-0.872209	3.41862	-0.0181121	3.41867
80.5	-0.286296	-0.958141	3.578	0.0749045	3.57879
80.6	-0.0475699	-0.998868	3.81397	0.0444556	3.81423
80.7	0.19469	-0.980865	4.09196	-0.0801668	4.09275
80.8	0.408917	-0.912572	4.35953	-0.285958	4.3689
80.9	0.574693	-0.818369	4.56694	-0.569514	4.60232
81	0.685334	-0.728229	4.68028	-0.929281	4.77164
81.1	0.74383	-0.668369	4.68331	-1.36156	4.87721
81.2	0.755425	-0.655235	4.57	-1.85899	4.93363
81.3	0.721051	-0.692882	4.33449	-2.40842	4.95866
81.4	0.63562	-0.772002	3.96599	-2.98755	4.96533
81.5	0.493145	-0.869947	3.45106	-3.56267	4.96008
81.6	0.296844	-0.954926	2.78121	-4.08988	4.94593
81.7	0.0670968	-0.997746	1.96136	-4.52078	4.92792
81.8	-0.161749	-0.986832	1.01444	-4.81	4.91581
81.9	-0.355702	-0.934599	-0.0184355	-4.92036	4.92039
82	-0.494604	-0.869119	-1.07954	-4.82612	4.94538
82.1	-0.574341	-0.818616	-2.0971	-4.51743	4.98046
82.2	-0.599916	-0.800063	-2.99195	-4.00603	5
82.3	-0.578282	-0.815837	-3.69033	-3.32883	4.96988
82.4	-0.515972	-0.856605	-4.14185	-2.54569	4.86163
82.5	-0.419876	-0.907581	-4.33487	-1.72782	4.66653
82.6	-0.297776	-0.954636	-4.29775	-0.940119	4.39937
82.7	-0.15819	-0.987409	-4.08555	-0.228581	4.09194
82.8	-0.0106235	-0.999944	-3.76452	0.381459	3.7838
82.9	0.133992	-0.990982	-3.4013	0.880297	3.51337
83	0.263818	-0.964572	-3.0559	1.2669	3.30811
83.1	0.368043	-0.929809	-2.77638	1.54256	3.17613
83.2	0.439021	-0.898477	-2.59603	1.707	3.10696
83.3	0.472853	-0.881141	-2.53352	1.75736	3.08335
83.4	0.468255	-0.883594	-2.59465	1.68907	3.09599
83.5	0.425291	-0.905057	-2.77325	1.49688	3.15144
83.6	0.345386	-0.938461	-3.05022	1.17575	3.26898
83.7	0.232375	-0.972626	-3.39104	0.721746	3.46699
83.8	0.0931838	-0.995649	-3.74392	0.134245	3.74632
83.9	-0.0627312	-0.99803	-4.04078	-0.579536	4.08213
84	-0.224257	-0.97453	-4.20187	-1.39717	4.42807
84.1	-0.378494	-0.925604	-4.14513	-2.27187	4.72689
84.2	-0.510162	-0.860078	-3.80602	-3.12665	4.92562
84.3	-0.603506	-0.797359	-3.16939	-3.86595	4.99906
84.4	-0.647031	-0.762464	-2.28827	-4.41025	4.96855
84.5	-0.634137	-0.773221	-1.26067	-4.72385	4.88917
84.6	-0.558217	-0.829695	-0.188888	-4.81261	4.81631
84.7	-0.412327	-0.911036	0.84511	-4.70825	4.7835
84.8	-0.198653	-0.98007	1.7867	-4.45258	4.79769
84.9	0.0601128	-0.998192	2.60388	-4.08514	4.84444
85	0.321786	-0.946812	3.27896	-3.64035	4.89936
85.1	0.542802	-0.83986	3.80642	-3.15261	4.94245
85.2	0.698844	-0.715274	4.19506	-2.65859	4.96655
85.3	0.7894	-0.613879	4.46485	-2.19218	4.97399
85.4	0.825831	-0.563917	4.63702	-1.77836	4.96633
85.5	0.816609	-0.577192	4.72435	-1.43133	4.93642
85.6	0.759856	-0.650092	4.72764	-1.15677	4.8671
85.7	0.645525	-0.763739	4.64093	-0.955492	4.73827
85.8	0.465426	-0.885087	4.465	-0.827007	4.54095
85.9	0.225409	-0.974264	4.22033	-0.772713	4.29048
86	-0.0484681	-0.998825	3.94663	-0.800862	4.02707
86.1	-0.315296	-0.948993	3.68467	-0.93298	3.80095
86.2	-0.535404	-0.844596	3.44838	-1.20436	3.65265
86.3	-0.687001	-0.726657	3.20508	-1.64955	3.60466
86.4	-0.769294	-0.638895	2.88044	-2.2758	3.67099
86.5	-0.790021	-0.613079	2.38899	-3.04081	3.86701
86.6	-0.748708	-0.662899	1.67197	-3.84729	4.19489
86.7	-0.627379	-0.778714	0.721301	-4.54449	4.60138
86.8	-0.400723	-0.916199	-0.401215	-4.9162	4.93254
86.9	-0.0845284	-0.996421	-1.51747	-4.73095	4.96836
87	0.231868	-0.972747	-2.3917	-3.99217	4.65378
87.1	0.472603	-0.881275	-2.93858	-2.97025	4.17824
87.2	0.624987	-0.780635	-3.2096	-1.91904	3.73955
87.3	0.703603	-0.710593	-3.2865	-0.991737	3.43288
87.4	0.723793	-0.690017	-3.25403	-0.269356	3.26516
87.5	0.692491	-0.721426	-3.19519	0.219828	3.20274
87.6	0.608283	-0.79372	-3.18129	0.486563	3.21828
87.7	0.468038	-0.883708	-3.26034	0.565143	3.30896
87.8	0.276664	-0.960967	-3.44811	0.497147	3.48376
87.9	0.0527799	-0.998606	-3.72469	0.31697	3.73815
88	-0.175448	-0.984489	-4.04092	0.0441634	4.04116
88.1	-0.380634	-0.924726	-4.33374	-0.314023	4.3451
88.2	-0.544057	-0.839048	-4.54315	-0.753973	4.60529
88.3	-0.65771	-0.753271	-4.62442	-1.26825	4.79518
88.4	-0.721839	-0.692061	-4.55271	-1.84289	4.91156
88.5	-0.739629	-0.673015	-4.31945	-2.45765	4.96967
88.6	-0.711367	-0.702821	-3.92421	-3.08561	4.99203
88.7	-0.631812	-0.775121	-3.36951	-3.69145	4.99804
88.8	-0.49385	-0.869547	-2.66197	-4.23099	4.99873
88.9	-0.298115	-0.95453	-1.81765	-4.65467	4.99698
89	-0.0625015	-0.998045	-0.867453	-4.91621	4.99216
89.1	0.178578	-0.983926	0.142214	-4.98376	4.98579
89.2	0.388285	-0.921539	1.15483	-4.8474	4.98307
89.3	0.543365	-0.839497	2.11182	-4.51916	4.98825
89.4	0.638536	-0.769592	2.95873	-4.02792	4.99782
89.5	0.679212	-0.733942	3.64893	-3.41364	4.99676
89.6	0.672064	-0.740493	4.14656	-2.72238	4.96037
89.7	0.620571	-0.78415	4.43062	-2.00215	4.862
89.8	0.526136	-0.8504	4.50093	-1.29876	4.68456
89.9	0.391488	-0.920183	4.38237	-0.650287	4.43036
90	0.223413	-0.974724	4.12259	-0.0822971	4.12341
90.1	0.0341688	-0.999416	3.78411	0.392685	3.80443
90.2	-0.158517	-0.987356	3.43457	0.770399	3.51992
90.3	-0.334068	-0.942549	3.13611	1.04689	3.30623
90.4	-0.474646	-0.880177	2.93502	1.21127	3.17514
90.5	-0.570153	-0.821538	2.85555	1.24354	3.11457
90.6	-0.61819	-0.786028	2.89955	1.11805	3.10764
90.7	-0.619455	-0.785032	3.04888	0.809736	3.15458
90.8	-0.573101	-0.819485	3.26675	0.301016	3.28059
90.9	-0.475447	-0.879744	3.49687	-0.409945	3.52082
91	-0.322296	-0.946639	3.66209	-1.29977	3.88591
91.1	-0.113664	-0.993519	3.66404	-2.30842	4.33059
91.2	0.138508	-0.990361	3.38922	-3.32121	4.74524
91.3	0.39817	-0.917312	2.74845	-4.15401	4.98094
91.4	0.607752	-0.794127	1.77538	-4.61991	4.9493
91.5	0.732001	-0.681303	0.647325	-4.68041	4.72496
91.6	0.776467	-0.630158	-0.454072	-4.43618	4.45935
91.7	0.75337	-0.657597	-1.42084	-4.0151	4.25908
91.8	0.660407	-0.750908	-2.2145	-3.53208	4.16888
91.9	0.487504	-0.873121	-2.85155	-3.07555	4.19409
92	0.236824	-0.971553	-3.37431	-2.69194	4.31654
92.1	-0.0619868	-0.998077	-3.81319	-2.38676	4.49856
92.2	-0.357125	-0.934057	-4.1691	-2.146	4.689
92.3	-0.598796	-0.800902	-4.42754	-1.9588	4.84149
92.4	-0.762543	-0.646938	-4.58466	-1.82653	4.93511
92.5	-0.853136	-0.521689	-4.65691	-1.75915	4.97809
92.6	-0.888951	-0.458003	-4.66858	-1.76736	4.99191
92.7	-0.882896	-0.469568	-4.63466	-1.85674	4.99275
92.8	-0.832408	-0.554164	-4.55211	-2.02515	4.98226
92.9	-0.721111	-0.69282	-4.40051	-2.2619	4.9478
93	-0.532241	-0.846593	-4.15165	-2.54949	4.87197
93.1	-0.269404	-0.963027	-3.78544	-2.87025	4.75057
93.2	0.0317064	-0.999497	-3.29885	-3.21476	4.6062
93.3	0.315965	-0.948771	-2.69536	-3.58163	4.48252
93.4	0.537174	-0.843471	-1.96774	-3.96203	4.42376
93.5	0.676878	-0.736095	-1.10049	-4.31952	4.45751
93.6	0.739686	-0.672953	-0.0953918	-4.58481	4.5858
93.7	0.734351	-0.67877	1.00212	-4.6698	4.77611
93.8	0.660019	-0.751248	2.09087	-4.48658	4.94986
93.9	0.512544	-0.858661	3.0177	-3.97702	4.99232
94	0.307523	-0.951541	3.63291	-3.17455	4.8245
94.1	0.082704	-0.996574	3.89202	-2.21685	4.47909
94.2	-0.12754	-0.991833	3.86385	-1.25414	4.06229
94.3	-0.30364	-0.952787	3.65618	-0.387253	3.67663
94.4	-0.436583	-0.899664	3.37001	0.329099	3.38604
94.5	-0.523468	-0.852046	3.08647	0.870846	3.20697
94.6	-0.564735	-0.825272	2.8645	1.23393	3.11897
94.7	-0.5616	-0.827409	2.74255	1.42706	3.09161
94.8	-0.514446	-0.857523	2.74153	1.46597	3.10887
94.9	-0.423758	-0.905775	2.86652	1.36888	3.1766
95	-0.293359	-0.956002	3.10587	1.15236	3.31276
95.1	-0.133237	-0.991084	3.42934	0.82771	3.52782
95.2	0.0411516	-0.999153	3.78856	0.399757	3.80959
95.3	0.212838	-0.977088	4.12205	-0.129716	4.12409
95.4	0.367192	-0.930145	4.36336	-0.755037	4.4282
95.5	0.493451	-0.869774	4.44976	-1.45939	4.68296
95.6	0.58449	-0.811401	4.33188	-2.21035	4.86321
95.7	0.635912	-0.771762	3.98375	-2.96082	4.96354
95.8	0.644429	-0.764664	3.40862	-3.6559	4.99843
95.9	0.60554	-0.795815	2.63646	-4.24188	4.99444
96	0.512723	-0.858554	1.71613	-4.67324	4.97838
96.1	0.361335	-0.932436	0.70726	-4.91745	4.96805
96.2	0.157053	-0.98759	-0.326551	-4.95825	4.96899
96.3	-0.0775883	-0.996985	-1.32375	-4.79792	4.97718
96.4	-0.307314	-0.951608	-2.23112	-4.4586	4.98568
96.5	-0.498956	-0.866627	-3.01013	-3.98015	4.99024
96.6	-0.634812	-0.772667	-3.64016	-3.41235	4.98947
96.7	-0.713706	-0.700445	-4.11567	-2.8044	4.9803
96.8	-0.742121	-0.670266	-4.43915	-2.19734	4.95322
96.9	-0.724812	-0.688947	-4.61459	-1.6215	4.89118
97	-0.660992	-0.750393	-4.64586	-1.09802	4.77385
97.1	-0.546772	-0.837282	-4.54197	-0.641436	4.58704
97.2	-0.381212	-0.924488	-4.32579	-0.260902	4.33365
97.3	-0.172235	-0.985056	-4.03887	0.0391972	4.03907
97.4	0.060532	-0.998166	-3.73782	0.255849	3.74656
97.5	0.288185	-0.957575	-3.48166	0.379698	3.5023
97.6	0.481432	-0.876483	-3.31376	0.387055	3.33629
97.7	0.621581	-0.78335	-3.24545	0.239422	3.25427
97.8	0.704359	-0.709844	-3.24978	-0.105888	3.25151
97.9	0.733323	-0.679881	-3.26668	-0.678365	3.33637
98	0.709348	-0.704858	-3.21559	-1.47614	3.53822
98.1	0.623648	-0.781705	-3.01146	-2.45084	3.88272
98.2	0.45823	-0.888834	-2.57654	-3.49463	4.34177
98.3	0.198457	-0.98011	-1.84801	-4.41696	4.78798
98.4	-0.13097	-0.991386	-0.82698	-4.93037	4.99924
98.5	-0.43744	-0.899247	0.31916	-4.82704	4.83758
98.6	-0.643616	-0.765348	1.35492	-4.23029	4.44198
98.7	-0.749293	-0.662238	2.16427	-3.40288	4.03283
98.8	-0.780385	-0.625299	2.72913	-2.5445	3.7313
98.9	-0.751652	-0.65956	3.08629	-1.7866	3.5661
99	-0.662147	-0.749374	3.31191	-1.20422	3.52404
99.1	-0.505407	-0.862881	3.49434	-0.817486	3.58869
99.2	-0.284958	-0.95854	3.69931	-0.604082	3.7483
99.3	-0.0241972	-0.999707	3.94743	-0.524161	3.98208
99.4	0.238653	-0.971105	4.21577	-0.543887	4.25071
99.5	0.466454	-0.884545	4.45928	-0.645019	4.50568
99.6	0.636629	-0.77117	4.63631	-0.82137	4.70851
99.7	0.744512	-0.667609	4.72404	-1.07175	4.84409
99.8	0.797153	-0.603777	4.71801	-1.39552	4.92007
99.9	0.802627	-0.596481	4.6204	-1.79006	4.95504
100	0.761632	-0.648009	4.42789	-2.24755	4.96565
