0	0.707107	-0.707107	4.17121	-2.70711	4.97267
0.1	0.751135	-0.660149	4.47198	-2.12824	4.95258
0.2	0.745234	-0.666803	4.63752	-1.5888	4.90213
0.3	0.688417	-0.725316	4.67022	-1.10645	4.7995
0.4	0.573418	-0.819263	4.57141	-0.692573	4.62358
0.5	0.395232	-0.918581	4.3553	-0.354809	4.36973
0.6	0.162929	-0.986638	4.06281	-0.0973097	4.06398
0.7	-0.0946261	-0.995513	3.75914	0.0761487	3.75991
0.8	-0.337289	-0.941401	3.51015	0.152782	3.51347
0.9	-0.531714	-0.846924	3.35381	0.103183	3.3554
1	-0.663566	-0.748118	3.28586	-0.114041	3.28784
1.1	-0.735181	-0.677871	3.26234	-0.537003	3.30624
1.2	-0.75431	-0.656518	3.21092	-1.18277	3.42184
1.3	-0.724066	-0.68973	3.04437	-2.03096	3.65964
1.4	-0.639751	-0.768583	2.67456	-3.00808	4.02515
1.5	-0.493774	-0.86959	2.0308	-3.97226	4.46127
1.6	-0.286675	-0.958028	1.09583	-4.71152	4.83728
1.7	-0.0373148	-0.999304	-0.0401424	-4.9993	4.99946
1.8	0.21795	-0.97596	-1.17516	-4.72553	4.86946
1.9	0.440046	-0.897975	-2.10354	-3.98507	4.50618
2	0.604315	-0.796746	-2.73159	-3.00395	4.06021
2.1	0.705696	-0.708515	-3.07948	-2.00176	3.6729
2.2	0.750713	-0.660628	-3.22207	-1.12644	3.4133
2.3	0.745739	-0.666238	-3.24868	-0.454927	3.28037
2.4	0.689941	-0.723865	-3.24589	-0.0102614	3.24591
2.5	0.576118	-0.817366	-3.28647	0.222047	3.29397
2.6	0.399114	-0.916901	-3.41807	0.278538	3.4294
2.7	0.167646	-0.985847	-3.65211	0.201352	3.65766
2.8	-0.0897688	-0.995963	-3.95788	0.0227037	3.95795
2.9	-0.333046	-0.942911	-4.27119	-0.242205	4.27806
3	-0.528563	-0.848894	-4.52012	-0.589136	4.55835
3.1	-0.661602	-0.749855	-4.65287	-1.01408	4.76209
3.2	-0.734277	-0.67885	-4.64725	-1.50868	4.88601
3.3	-0.75434	-0.656484	-4.49984	-2.06048	4.94916
3.4	-0.725046	-0.6887	-4.21035	-2.65152	4.9757
3.5	-0.641823	-0.766853	-3.77407	-3.25463	4.98359
3.6	-0.497052	-0.867721	-3.18407	-3.83081	4.98131
3.7	-0.291009	-0.95672	-2.43919	-4.33093	4.97058
3.8	-0.0421707	-0.99911	-1.55274	-4.70292	4.95262
3.9	0.213339	-0.976978	-0.556985	-4.9021	4.93364
4	0.436326	-0.899789	0.498722	-4.8993	4.92462
4.1	0.601769	-0.798671	1.55299	-4.68392	4.93466
4.2	0.70428	-0.709922	2.53788	-4.2649	4.96289
4.3	0.750278	-0.661122	3.38522	-3.67062	4.99331
4.4	0.74622	-0.6657	4.03303	-2.94536	4.99405
4.5	0.691427	-0.722447	4.43054	-2.14337	4.92176
4.6	0.578763	-0.815496	4.54627	-1.32433	4.73523
4.7	0.40293	-0.915231	4.38602	-0.54785	4.42011
4.8	0.172296	-0.985045	4.01085	0.13991	4.01329
4.9	-0.0849648	-0.996384	3.52832	0.719466	3.60093
5	-0.328836	-0.944387	3.05307	1.19166	3.27739
5.1	-0.525426	-0.85084	2.66911	1.55643	3.08976
5.2	-0.65964	-0.751582	2.4199	1.80115	3.01663
5.3	-0.733364	-0.679836	2.31928	1.905	3.00135
5.4	-0.754352	-0.65647	2.36513	1.84729	3.00106
5.5	-0.725995	-0.6877	2.5469	1.6119	3.01412
5.6	-0.643849	-0.765153	2.84616	1.18928	3.08465
5.7	-0.500268	-0.865871	3.23006	0.57796	3.28136
5.8	-0.295274	-0.955412	3.63538	-0.213831	3.64166
5.9	-0.0469653	-0.998897	3.94979	-1.15993	4.11659
6	0.208771	-0.977965	4.01968	-2.19326	4.57911
6.1	0.43263	-0.901572	3.71454	-3.18828	4.8952
6.2	0.59923	-0.800577	3.00991	-3.99254	4.99999
6.3	0.702862	-0.711326	2.0024	-4.49434	4.92023
6.4	0.74983	-0.66163	0.850299	-4.66037	4.7373
6.5	0.746677	-0.665187	-0.292119	-4.52795	4.53736
6.6	0.692874	-0.721059	-1.31354	-4.18145	4.38291
6.7	0.581353	-0.813651	-2.1625	-3.72419	4.30651
6.8	0.406679	-0.913571	-2.84229	-3.24686	4.31517
6.9	0.17688	-0.984232	-3.3846	-2.80518	4.39597
7	-0.0802146	-0.996778	-3.8187	-2.41936	4.52059
7.1	-0.324661	-0.945831	-4.15728	-2.09082	4.65344
7.2	-0.522305	-0.852759	-4.40376	-1.81934	4.76478
7.3	-0.65768	-0.753297	-4.56494	-1.60965	4.84042
7.4	-0.732444	-0.680827	-4.65399	-1.46914	4.88037
7.5	-0.754347	-0.656476	-4.68391	-1.40383	4.88976
7.6	-0.726913	-0.686729	-4.65989	-1.4159	4.87025
7.7	-0.645828	-0.763483	-4.57681	-1.50336	4.81739
7.8	-0.503423	-0.86404	-4.4232	-1.66113	4.72483
7.9	-0.299473	-0.954105	-4.18984	-1.88417	4.594
8	-0.0516985	-0.998663	-3.87577	-2.17189	4.44283
8.1	0.204248	-0.978919	-3.48259	-2.53044	4.30483
8.2	0.428958	-0.903324	-2.99835	-2.96574	4.21731
8.3	0.5967	-0.802464	-2.38842	-3.46499	4.20841
8.4	0.701441	-0.712728	-1.60955	-3.97759	4.29091
8.5	0.749371	-0.662151	-0.64273	-4.41209	4.45866
8.6	0.747111	-0.664699	0.476219	-4.65552	4.67981
8.7	0.694283	-0.719702	1.64576	-4.60489	4.89015
8.8	0.583889	-0.811833	2.71061	-4.19962	4.99842
8.9	0.410362	-0.911923	3.49912	-3.45349	4.91635
9	0.181397	-0.98341	3.894	-2.47222	4.6125
9.1	-0.0755184	-0.997144	3.90222	-1.41857	4.15207
9.2	-0.32052	-0.947242	3.64669	-0.43613	3.67268
9.3	-0.5192	-0.854653	3.28125	0.392991	3.3047
9.4	-0.655723	-0.755001	2.92155	1.03473	3.09937
9.5	-0.731517	-0.681823	2.63481	1.47869	3.02138
9.6	-0.754325	-0.656501	2.45775	1.72732	3.00402
9.7	-0.727802	-0.685787	2.41204	1.79239	3.0051
9.8	-0.647762	-0.761843	2.51062	1.69267	3.02793
9.9	-0.506518	-0.86223	2.75659	1.45123	3.11527
10	-0.303603	-0.952799	3.13522	1.09037	3.31941
10.1	-0.05637	-0.99841	3.60023	0.623086	3.65375
10.2	0.19977	-0.979843	4.06497	0.0498474	4.06527
10.3	0.425312	-0.905047	4.41575	-0.628683	4.46028
10.4	0.59418	-0.804332	4.55083	-1.39161	4.75885
10.5	0.700018	-0.714125	4.4163	-2.19374	4.93114
10.6	0.7489	-0.662683	4.01026	-2.97861	4.99543
10.7	0.747523	-0.664236	3.36391	-3.68988	4.99311
10.8	0.695656	-0.718375	2.52516	-4.27547	4.96549
10.9	0.586373	-0.810041	1.55209	-4.69171	4.94178
11	0.413981	-0.910286	0.509134	-4.90915	4.93548
11.1	0.185849	-0.982578	-0.538366	-4.91647	4.94586
11.2	-0.0708766	-0.997485	-1.52999	-4.72186	4.96355
11.3	-0.316414	-0.948621	-2.41618	-4.35317	4.97876
11.4	-0.516112	-0.856521	-3.16398	-3.85465	4.98689
11.5	-0.65377	-0.756694	-3.75891	-3.27822	4.9876
11.6	-0.730584	-0.682823	-4.20045	-2.6728	4.97872
11.7	-0.754287	-0.656545	-4.49349	-2.07724	4.95039
11.8	-0.728662	-0.684873	-4.64074	-1.51893	4.88299
11.9	-0.649651	-0.760232	-4.64144	-1.01644	4.75143
12	-0.509553	-0.860439	-4.49993	-0.583151	4.53756
12.1	-0.307667	-0.951494	-4.24173	-0.228198	4.24786
12.2	-0.0609798	-0.998139	-3.92286	0.0439299	3.9231
12.3	0.195337	-0.980736	-3.61756	0.228316	3.62476
12.4	0.421692	-0.906739	-3.3892	0.308633	3.40322
12.5	0.591669	-0.806181	-3.26586	0.251855	3.27556
12.6	0.698594	-0.715518	-3.23394	0.0160438	3.23398
12.7	0.748418	-0.663227	-3.24503	-0.434326	3.27396
12.8	0.747913	-0.663797	-3.22683	-1.11258	3.41325
12.9	0.696992	-0.717079	-3.09347	-1.99473	3.68083
13	0.588804	-0.808276	-2.75538	-3.00291	4.07549
13.1	0.417535	-0.908661	-2.136	-3.98754	4.5236
13.2	0.190235	-0.981739	-1.21361	-4.7273	4.8806
13.3	-0.0662897	-0.9978	-0.0822303	-4.99777	4.99845
13.4	-0.312345	-0.949969	1.05257	-4.70989	4.82607
13.5	-0.513043	-0.858363	1.99098	-3.97764	4.4481
13.6	-0.65182	-0.758373	2.64347	-3.02576	4.01786
13.7	-0.729645	-0.683826	3.02524	-2.06253	3.66144
13.8	-0.754233	-0.656607	3.20482	-1.22749	3.43185
13.9	-0.729494	-0.683987	3.26947	-0.593135	3.32284
14	-0.651497	-0.758651	3.30632	-0.179236	3.31117
14.1	-0.512529	-0.85867	3.3871	0.0317892	3.38725
14.2	-0.311664	-0.950192	3.55389	0.0781504	3.55475
14.3	-0.0655278	-0.997851	3.80787	0.000534505	3.80787
14.4	0.190951	-0.981599	4.10833	-0.172803	4.11196
14.5	0.4181	-0.908401	4.38935	-0.429649	4.41032
14.6	0.58917	-0.808009	4.58895	-0.765917	4.65243
14.7	0.697169	-0.716907	4.67061	-1.17706	4.81665
14.8	0.747926	-0.663782	4.62304	-1.65548	4.91051
14.9	0.748281	-0.663382	4.44554	-2.1899	4.95565
15	0.698293	-0.715812	4.13503	-2.76248	4.9729
15.1	0.591184	-0.806537	3.68255	-3.34493	4.97491
15.2	0.421026	-0.907049	3.07811	-3.89701	4.96603
15.3	0.194555	-0.980892	2.3197	-4.36966	4.94722
15.4	-0.061758	-0.998091	1.42132	-4.71299	4.92264
15.5	-0.308313	-0.951285	0.415786	-4.8852	4.90286
15.6	-0.509992	-0.860179	-0.647348	-4.85782	4.90076
15.7	-0.649876	-0.76004	-1.70511	-4.61834	4.92306
15.8	-0.728701	-0.684832	-2.68554	-4.1735	4.96288
15.9	-0.754164	-0.656686	-3.5149	-3.55122	4.99657
16	-0.730298	-0.683128	-4.12586	-2.79741	4.9848
16.1	-0.653299	-0.7571	-4.46493	-1.97015	4.88027
16.2	-0.515447	-0.856921	-4.50578	-1.13481	4.64649
16.3	-0.315596	-0.948894	-4.27121	-0.354683	4.28591
16.4	-0.070014	-0.997546	-3.84443	0.326749	3.85829
16.5	0.186612	-0.982434	-3.34509	0.895623	3.46291
16.6	0.414535	-0.910033	-2.88317	1.35384	3.18521
16.7	0.586682	-0.809817	-2.52958	1.69795	3.04661
16.8	0.695744	-0.71829	-2.31669	1.91329	3.00462
16.9	0.747425	-0.664346	-2.25297	1.98095	3.00001
17	0.74863	-0.662989	-2.33518	1.88458	3.00079
17.1	0.69956	-0.714574	-2.55342	1.61311	3.02028
17.2	0.593513	-0.804825	-2.88955	1.16197	3.11443
17.3	0.424453	-0.90545	-3.3078	0.533403	3.35053
17.4	0.198809	-0.980038	-3.73642	-0.263123	3.74567
17.5	-0.0572817	-0.998358	-4.05213	-1.20134	4.22646
17.6	-0.304319	-0.95257	-4.10032	-2.21368	4.65972
17.7	-0.506961	-0.861969	-3.76723	-3.17943	4.92959
17.8	-0.647938	-0.761693	-3.04862	-3.96118	4.9985
17.9	-0.727752	-0.68584	-2.04545	-4.46257	4.90901
18	-0.754081	-0.656782	-0.905847	-4.6539	4.74124
18.1	-0.731076	-0.682296	0.228277	-4.56555	4.57125
18.2	-0.655059	-0.755577	1.25363	-4.27082	4.45101
18.3	-0.518308	-0.855194	2.1207	-3.86112	4.40519
18.4	-0.319461	-0.947599	2.82789	-3.41624	4.43482
18.5	-0.0744382	-0.997226	3.39661	-2.98515	4.52195
18.6	0.18232	-0.983239	3.84619	-2.58826	4.63597
18.7	0.410999	-0.911636	4.18639	-2.23317	4.74477
18.8	0.584207	-0.811605	4.42538	-1.92756	4.82696
18.9	0.694319	-0.719667	4.57688	-1.68181	4.8761
19	0.746914	-0.66492	4.65757	-1.50563	4.89488
19.1	0.748958	-0.662618	4.67947	-1.40495	4.88583
19.2	0.700792	-0.713365	4.64469	-1.38093	4.84563
19.3	0.595792	-0.803139	4.54623	-1.43088	4.76609
19.4	0.427818	-0.903865	4.37519	-1.5506	4.64184
19.5	0.202998	-0.979179	4.13028	-1.73845	4.48123
19.6	-0.0528613	-0.998602	3.81975	-2.00006	4.31169
19.7	-0.300363	-0.953825	3.44851	-2.34879	4.17242
19.8	-0.50395	-0.863733	2.99882	-2.79521	4.09953
19.9	-0.646005	-0.763333	2.42533	-3.32593	4.11631
20	-0.726799	-0.68685	1.67572	-3.88495	4.23095
20.1	-0.753983	-0.656894	0.726565	-4.3728	4.43275
20.2	-0.731827	-0.68149	-0.386456	-4.66655	4.68253
20.3	-0.656778	-0.754084	-1.55757	-4.65134	4.9052
20.4	-0.521112	-0.853488	-2.62261	-4.25697	4.99999
20.5	-0.323262	-0.94631	-3.40247	-3.49945	4.88087
20.6	-0.0788004	-0.99689	-3.7857	-2.49986	4.53661
20.7	0.178076	-0.984017	-3.79637	-1.43545	4.05868
20.8	0.407492	-0.913209	-3.56608	-0.454197	3.59489
20.9	0.581745	-0.813371	-3.24173	0.361813	3.26186
21	0.692896	-0.721038	-2.92792	0.978868	3.08722
21.1	0.746395	-0.665503	-2.68597	1.38848	3.02363
21.2	0.749267	-0.662268	-2.55176	1.59677	3.01017
21.3	0.701992	-0.712185	-2.54791	1.61979	3.0192
21.4	0.598022	-0.80148	-2.68734	1.48027	3.06806
21.5	0.431121	-0.902294	-2.96957	1.20372	3.20426
21.6	0.207122	-0.978315	-3.37006	0.811599	3.46641
21.7	-0.0484969	-0.998823	-3.82707	0.313571	3.8399
21.8	-0.296446	-0.95505	-4.24077	-0.289971	4.25067
21.9	-0.500961	-0.86547	-4.49901	-0.990521	4.60675
22	-0.64408	-0.764958	-4.51917	-1.75675	4.84862
22.1	-0.725843	-0.68786	-4.27162	-2.53919	4.96933
22.2	-0.753873	-0.657021	-3.77064	-3.28363	5
22.3	-0.732553	-0.68071	-3.05411	-3.93807	4.98357
22.4	-0.658456	-0.752619	-2.17182	-4.45529	4.95645
22.5	-0.523861	-0.851804	-1.1815	-4.79737	4.94072
22.6	-0.326998	-0.945025	-0.14528	-4.9409	4.94303
22.7	-0.0831007	-0.996541	0.875338	-4.88002	4.9579
22.8	0.17388	-0.984767	1.82479	-4.62819	4.97493
22.9	0.404015	-0.914752	2.65961	-4.21813	4.9866
23	0.579296	-0.815117	3.3535	-3.69675	4.99118
23.1	0.691474	-0.722401	3.89706	-3.11493	4.98898
23.2	0.745868	-0.666094	4.29152	-2.51768	4.97552
23.3	0.749557	-0.66194	4.54017	-1.93914	4.93695
23.4	0.703158	-0.711033	4.64286	-1.40295	4.8502
23.5	0.600204	-0.799847	4.59823	-0.925619	4.69046
23.6	0.434364	-0.900738	4.41616	-0.519585	4.44662
23.7	0.211182	-0.977447	4.13355	-0.193196	4.13806
23.8	-0.0441889	-0.999023	3.81621	0.0484903	3.81652
23.9	-0.292569	-0.956245	3.53787	0.196037	3.5433
24	-0.497993	-0.867181	3.3498	0.225759	3.3574
24.1	-0.642162	-0.766569	3.2629	0.0997213	3.26443
24.2	-0.724884	-0.688871	3.24783	-0.222454	3.25544
24.3	-0.753749	-0.657162	3.24473	-0.767611	3.33429
24.4	-0.733254	-0.679955	3.17457	-1.53374	3.52565
24.5	-0.660094	-0.751183	2.94955	-2.47469	3.85019
24.6	-0.526554	-0.850142	2.48474	-3.48303	4.27848
24.7	-0.330669	-0.943747	1.72325	-4.37615	4.70322
24.8	-0.0873389	-0.996179	0.690004	-4.91992	4.96807
24.9	0.169733	-0.98549	-0.464311	-4.93492	4.95671
25	0.400569	-0.916266	-1.52157	-4.42417	4.67851
25.1	0.576862	-0.816841	-2.32742	-3.56732	4.25942
25.2	0.690055	-0.723757	-2.8466	-2.59247	3.8502
25.3	0.745333	-0.666692	-3.12467	-1.67818	3.54681
25.4	0.749829	-0.661631	-3.24103	-0.931846	3.37233
25.5	0.704293	-0.709909	-3.28372	-0.400457	3.30805
25.6	0.602339	-0.798241	-3.33369	-0.08571	3.33479
25.7	0.437545	-0.899197	-3.45051	0.0404805	3.45075
25.8	0.215176	-0.976575	-3.65897	0.0189195	3.65902
25.9	-0.0399375	-0.999202	-3.94078	-0.114076	3.94243
26	-0.288731	-0.95741	-4.24037	-0.337262	4.25376
26.1	-0.495048	-0.868866	-4.48863	-0.6423	4.53435
26.2	-0.640253	-0.768164	-4.63204	-1.0243	4.74395
26.3	-0.723922	-0.689882	-4.64589	-1.47613	4.87475
26.4	-0.753614	-0.657318	-4.52592	-1.98763	4.94314
26.5	-0.73393	-0.679225	-4.27258	-2.54415	4.97269
26.6	-0.661693	-0.749775	-3.88178	-3.12276	4.98195
26.7	-0.529193	-0.848502	-3.34531	-3.68918	4.98008
26.8	-0.334277	-0.942475	-2.65805	-4.19825	4.96896
26.9	-0.0915151	-0.995804	-1.82683	-4.59979	4.94928
27	0.165635	-0.986187	-0.876198	-4.84813	4.92667
27.1	0.397155	-0.917752	0.151909	-4.91023	4.91258
27.2	0.574444	-0.818544	1.20205	-4.769	4.91816
27.3	0.688639	-0.725105	2.20951	-4.42469	4.94569
27.4	0.744791	-0.667297	3.10555	-3.89636	4.98257
27.5	0.750084	-0.661343	3.8241	-3.22072	4.99968
27.6	0.705397	-0.708812	4.30786	-2.44727	4.95447
27.7	0.604426	-0.796661	4.51588	-1.63365	4.80229
27.8	0.440666	-0.897671	4.44027	-0.841188	4.51924
27.9	0.219107	-0.975701	4.12724	-0.123337	4.12908
28	-0.0357429	-0.999361	3.67656	0.490215	3.70909
28.1	-0.284935	-0.958547	3.20625	0.993798	3.35673
28.2	-0.492125	-0.870524	2.81008	1.38678	3.13364
28.3	-0.638353	-0.769744	2.54043	1.65829	3.03376
28.4	-0.722958	-0.690891	2.41613	1.78825	3.00591
28.5	-0.753466	-0.657487	2.4369	1.75531	3.00326
28.6	-0.734583	-0.678519	2.59242	1.54208	3.0164
28.7	-0.663253	-0.748396	2.86424	1.13756	3.08186
28.8	-0.531778	-0.846884	3.22042	0.53912	3.26524
28.9	-0.337821	-0.94121	3.60115	-0.245134	3.60948
29	-0.0956293	-0.995417	3.89972	-1.18824	4.07673
29.1	0.161587	-0.986858	3.96599	-2.22239	4.54621
29.2	0.393773	-0.919208	3.66564	-3.22028	4.87925
29.3	0.572041	-0.820225	2.96643	-4.02443	4.99957
29.4	0.687226	-0.726444	1.96171	-4.51797	4.92548
29.5	0.744243	-0.667909	0.812068	-4.66733	4.73745
29.6	0.750321	-0.661074	-0.325061	-4.51381	4.5255
29.7	0.70647	-0.707743	-1.33687	-4.14646	4.35664
29.8	0.606468	-0.795108	-2.1721	-3.67253	4.26679
29.9	0.443728	-0.896161	-2.83599	-3.18602	4.26539
30	0.222973	-0.974825	-3.3641	-2.74484	4.3418
30.1	-0.0316054	-0.9995	-3.78982	-2.36911	4.46939
30.2	-0.28118	-0.959655	-4.12752	-2.05767	4.61199
30.3	-0.489227	-0.872156	-4.37852	-1.80672	4.73663
30.4	-0.636462	-0.771308	-4.54579	-1.61814	4.82521
30.5	-0.721994	-0.6919	-4.63992	-1.49802	4.87575
30.6	-0.753307	-0.657668	-4.67359	-1.45229	4.89403
30.7	-0.735213	-0.677836	-4.65321	-1.48364	4.88401
30.8	-0.664775	-0.747044	-4.57485	-1.59043	4.84342
30.9	-0.534309	-0.845289	-4.4266	-1.76728	4.76635
31	-0.341302	-0.939954	-4.19621	-2.00751	4.6517
31.1	-0.0996814	-0.995019	-3.87825	-2.30743	4.51277
31.2	0.157589	-0.987505	-3.47174	-2.66915	4.3792
31.3	0.390423	-0.920635	-2.96678	-3.0953	4.2875
31.4	0.569655	-0.821884	-2.3346	-3.57239	4.26759
31.5	0.685817	-0.727774	-1.53843	-4.05234	4.33454
31.6	0.743689	-0.668526	-0.563699	-4.44883	4.4844
31.7	0.750542	-0.660823	0.552568	-4.65592	4.6886
31.8	0.707513	-0.7067	1.71139	-4.57868	4.88806
31.9	0.608464	-0.793582	2.76385	-4.1632	4.99711
32	0.446732	-0.894668	3.54564	-3.42386	4.92893
32.1	0.226775	-0.973947	3.94095	-2.45884	4.6451
32.2	-0.0275252	-0.999621	3.95018	-1.42135	4.19811
32.3	-0.277467	-0.960735	3.68978	-0.449929	3.71711
32.4	-0.486354	-0.873762	3.31385	0.37462	3.33496
32.5	-0.634581	-0.772856	2.94193	1.01839	3.11321
32.6	-0.721028	-0.692906	2.64376	1.47001	3.02496
32.7	-0.753138	-0.657863	2.45624	1.72959	3.00409
32.8	-0.73582	-0.677177	2.40008	1.80599	3.00366
32.9	-0.66626	-0.74572	2.48735	1.71492	3.02123
33	-0.536789	-0.843717	2.7213	1.47681	3.0962
33.1	-0.344721	-0.938705	3.08924	1.11262	3.28349
33.2	-0.103672	-0.994612	3.54883	0.636106	3.60539
33.3	0.153642	-0.988127	4.01667	0.0496785	4.01697
33.4	0.387107	-0.922035	4.37747	-0.644485	4.42466
33.5	0.567286	-0.823521	4.52198	-1.42382	4.74084
33.6	0.684414	-0.729094	4.38828	-2.23951	4.92671
33.7	0.74313	-0.669147	3.97184	-3.03038	4.99587
33.8	0.750747	-0.66059	3.30731	-3.73695	4.9903
33.9	0.708527	-0.705683	2.44912	-4.30712	4.95474
34	0.610415	-0.792082	1.46204	-4.70037	4.92251
34.1	0.449677	-0.893191	0.415192	-4.89304	4.91063
34.2	0.230514	-0.973069	-0.624876	-4.88054	4.92038
34.3	-0.0235024	-0.999724	-1.5999	-4.67599	4.94213
34.4	-0.273796	-0.961788	-2.46418	-4.30876	4.96363
34.5	-0.483506	-0.875341	-3.18863	-3.82192	4.97739
34.6	-0.632712	-0.774387	-3.76235	-3.26544	4.98181
34.7	-0.720062	-0.693909	-4.18843	-2.6865	4.97597
34.8	-0.752958	-0.658068	-4.4753	-2.12237	4.95306
34.9	-0.736405	-0.676541	-4.62868	-1.59862	4.89696
35	-0.667708	-0.744423	-4.64893	-1.13156	4.78466
35.1	-0.539217	-0.842167	-4.5377	-0.732124	4.59638
35.2	-0.348078	-0.937466	-4.3129	-0.408119	4.33216
35.3	-0.1076	-0.994194	-4.02064	-0.164678	4.02401
35.4	0.149745	-0.988725	-3.72824	-0.00831739	3.72825
35.5	0.383826	-0.923406	-3.49749	0.0437679	3.49776
35.6	0.564935	-0.825135	-3.35753	-0.041379	3.35778
35.7	0.683015	-0.730404	-3.29429	-0.304927	3.30837
35.8	0.742565	-0.669774	-3.25592	-0.779902	3.34802
35.9	0.750936	-0.660375	-3.1655	-1.47371	3.49174
36	0.709513	-0.704692	-2.93541	-2.35228	3.76163
36.1	0.612322	-0.790608	-2.48237	-3.32495	4.14939
36.2	0.452564	-0.891732	-1.74896	-4.23139	4.57859
36.3	0.23419	-0.972191	-0.744923	-4.85051	4.90738
36.4	-0.0195372	-0.999809	0.40523	-4.97719	4.99366
36.5	-0.270169	-0.962813	1.48789	-4.55576	4.79257
36.6	-0.480684	-0.876894	2.32465	-3.72823	4.39359
36.7	-0.630854	-0.775902	2.86036	-2.72819	3.95281
36.8	-0.719097	-0.69491	3.13748	-1.75641	3.59566
36.9	-0.752769	-0.658285	3.23739	-0.938747	3.37074
37	-0.736969	-0.675926	3.24849	-0.335179	3.26574
37.1	-0.669121	-0.743154	3.25295	0.0425486	3.25323
37.2	-0.541593	-0.840641	3.31651	0.215327	3.32349
37.3	-0.351373	-0.936235	3.47739	0.221582	3.48445
37.4	-0.111466	-0.993768	3.73571	0.101314	3.73709
37.5	0.1459	-0.989299	4.04976	-0.117569	4.05146
37.6	0.380578	-0.924749	4.34895	-0.422719	4.36944
37.7	0.562603	-0.826727	4.56256	-0.809024	4.63374
37.8	0.681622	-0.731704	4.64533	-1.26931	4.81562
37.9	0.741997	-0.670404	4.5815	-1.79211	4.91953
38	0.75111	-0.660177	4.37098	-2.36211	4.9684
38.1	0.71047	-0.703727	4.01483	-2.95788	4.98677
38.2	0.614186	-0.789161	3.51035	-3.54819	4.99121
38.3	0.455395	-0.89029	2.855	-4.09059	4.98838
38.4	0.237802	-0.971314	2.05467	-4.53488	4.97863
38.5	-0.0156298	-0.999878	1.13101	-4.83201	4.96261
38.6	-0.266585	-0.963811	0.12343	-4.94475	4.94629
38.7	-0.477888	-0.878421	-0.914948	-4.85447	4.93994
38.8	-0.629007	-0.777399	-1.92352	-4.56214	4.95106
38.9	-0.718132	-0.695907	-2.83976	-4.08688	4.97663
39	-0.752571	-0.658512	-3.60437	-3.46337	4.99864
39.1	-0.737512	-0.675334	-4.16525	-2.73704	4.98404
39.2	-0.670498	-0.741912	-4.48085	-1.95897	4.89035
39.3	-0.54392	-0.839137	-4.5291	-1.18318	4.68109
39.4	-0.354608	-0.935015	-4.32648	-0.461524	4.35103
39.5	-0.115271	-0.993334	-3.94272	0.16883	3.94633
39.6	0.142106	-0.989851	-3.4861	0.694219	3.55455
39.7	0.377367	-0.926064	-3.06317	1.11421	3.25952
39.8	0.56029	-0.828297	-2.74635	1.42251	3.09289
39.9	0.680236	-0.732993	-2.56876	1.60025	3.02644
40	0.741424	-0.671037	-2.53592	1.62222	3.0104
40.1	0.75127	-0.659995	-2.63785	1.46459	3.01716
40.2	0.7114	-0.702787	-2.8546	1.1093	3.06256
40.3	0.616008	-0.78774	-3.15463	0.547288	3.20175
40.4	0.458169	-0.888865	-3.48508	-0.217447	3.49186
40.5	0.241352	-0.970438	-3.75417	-1.15967	3.9292
40.6	-0.0117803	-0.999931	-3.82339	-2.21304	4.41768
40.7	-0.263045	-0.964784	-3.54819	-3.24685	4.80954
40.8	-0.47512	-0.879921	-2.86889	-4.08459	4.99143
40.9	-0.627174	-0.778879	-1.86429	-4.58276	4.94746
41	-0.717169	-0.696899	-0.704189	-4.69688	4.74937
41.1	-0.752363	-0.658749	0.437599	-4.47765	4.49898
41.2	-0.738035	-0.674763	1.43761	-4.03133	4.28
41.3	-0.67184	-0.740696	2.24145	-3.48163	4.14076
41.4	-0.546196	-0.837657	2.85879	-2.93671	4.09841
41.5	-0.357781	-0.933805	3.33756	-2.46497	4.14914
41.6	-0.119014	-0.992893	3.72761	-2.08994	4.27351
41.7	0.138364	-0.990381	4.05446	-1.80534	4.43824
41.8	0.374191	-0.927352	4.3177	-1.59722	4.60366
41.9	0.557997	-0.829843	4.50841	-1.45775	4.73822
42	0.678856	-0.734271	4.62521	-1.38716	4.82875
42.1	0.740848	-0.671673	4.67592	-1.38945	4.87799
42.2	0.751416	-0.659829	4.66892	-1.46803	4.89427
42.3	0.712303	-0.701872	4.60483	-1.62287	4.88243
42.4	0.617787	-0.786345	4.47396	-1.84934	4.84111
42.5	0.460888	-0.887458	4.26018	-2.1386	4.76684
42.6	0.24484	-0.969564	3.94861	-2.48023	4.66294
42.7	-0.00798883	-0.999968	3.53008	-2.866	4.54702
42.8	-0.25955	-0.96573	2.99631	-3.28939	4.44949
42.9	-0.472379	-0.881395	2.33039	-3.73525	4.40259
43	-0.625354	-0.780341	1.50914	-4.16323	4.42832
43.1	-0.716208	-0.697887	0.52475	-4.50052	4.53101
43.2	-0.752148	-0.658995	-0.587854	-4.65562	4.69259
43.3	-0.738538	-0.674212	-1.73908	-4.54705	4.86828
43.4	-0.673149	-0.739507	-2.79472	-4.13052	4.98714
43.5	-0.548424	-0.8362	-3.60365	-3.41799	4.96678
43.6	-0.360895	-0.932606	-4.04576	-2.48881	4.74998
43.7	-0.122696	-0.992444	-4.09351	-1.4748	4.35107
43.8	0.134675	-0.99089	-3.83596	-0.50711	3.86934
43.9	0.371051	-0.928612	-3.42523	0.331659	3.44124
44	0.555724	-0.831367	-2.99697	1.00667	3.16152
44.1	0.677485	-0.735537	-2.63578	1.50551	3.03544
44.2	0.740269	-0.672311	-2.38494	1.8243	3.00267
44.3	0.751549	-0.659678	-2.26611	1.96592	3.00001
44.4	0.71318	-0.700981	-2.29104	1.93998	3.00206
44.5	0.619525	-0.784977	-2.46497	1.76176	3.02983
44.6	0.463551	-0.88607	-2.78336	1.45008	3.13844
44.7	0.248265	-0.968692	-3.22145	1.02156	3.37954
44.8	-0.0042556	-0.999991	-3.71928	0.482769	3.75048
44.9	-0.256099	-0.96665	-4.17565	-0.16844	4.17904
45	-0.469668	-0.882843	-4.46945	-0.924468	4.56406
45.1	-0.623547	-0.781785	-4.50468	-1.74967	4.83255
45.2	-0.715248	-0.69887	-4.24296	-2.58441	4.96809
45.3	-0.751924	-0.65925	-3.69987	-3.36288	4.9998
45.4	-0.739021	-0.673682	-2.92308	-4.02479	4.97426
45.5	-0.674425	-0.738344	-1.97661	-4.52045	4.9337
45.6	-0.550603	-0.834767	-0.932838	-4.81646	4.90597
45.7	-0.363949	-0.931419	0.135225	-4.90015	4.90202
45.8	-0.126316	-0.99199	1.1617	-4.77894	4.91811
45.9	0.131038	-0.991377	2.09298	-4.47717	4.94223
46	0.367949	-0.929846	2.89133	-4.03348	4.96274
46.1	0.553472	-0.832868	3.53762	-3.49648	4.97395
46.2	0.676121	-0.736791	4.03008	-2.91647	4.97466
46.3	0.739687	-0.672951	4.37731	-2.3366	4.96191
46.4	0.751668	-0.659541	4.58908	-1.78836	4.92523
46.5	0.714031	-0.700114	4.66998	-1.29211	4.84544
46.6	0.621223	-0.783634	4.62048	-0.860584	4.69994
46.7	0.46616	-0.884701	4.44784	-0.502333	4.47612
46.8	0.251628	-0.967824	4.18161	-0.222688	4.18754
46.9	-0.000580595	-1	3.87883	-0.0252352	3.87891
47	-0.252695	-0.967546	3.60743	0.0809981	3.60834
47.1	-0.466985	-0.884265	3.41697	0.0722201	3.41774
47.2	-0.621756	-0.783211	3.31773	-0.0900648	3.31895
47.3	-0.714292	-0.699848	3.27767	-0.446462	3.30794
47.4	-0.751693	-0.659513	3.23186	-1.02183	3.38955
47.5	-0.739486	-0.673172	3.09612	-1.80814	3.58543
47.6	-0.675667	-0.737207	2.78164	-2.74893	3.91077
47.7	-0.552734	-0.833358	2.21188	-3.72419	4.33151
47.8	-0.366944	-0.930243	1.35142	-4.54234	4.73911
47.9	-0.129874	-0.99153	0.256034	-4.97287	4.97946
48	0.127454	-0.991844	-0.899237	-4.85784	4.94037
48.1	0.364885	-0.931053	-1.89623	-4.23066	4.63618
48.2	0.551242	-0.834345	-2.60434	-3.29246	4.19796
48.3	0.674765	-0.738032	-3.01794	-2.27554	3.77969
48.4	0.739104	-0.673592	-3.20319	-1.35061	3.47628
48.5	0.751775	-0.65942	-3.24796	-0.613566	3.30541
48.6	0.714857	-0.69927	-3.24022	-0.1015	3.24181
48.7	0.62288	-0.782317	-3.25709	0.190206	3.26264
48.8	0.468714	-0.88335	-3.35453	0.292573	3.36727
48.9	0.25493	-0.966959	-3.55629	0.247381	3.56488
49	0.00303597	-0.999995	-3.84526	0.0911738	3.84634
49.1	-0.249336	-0.968417	-4.16583	-0.15535	4.16872
49.2	-0.464332	-0.885661	-4.44425	-0.485341	4.47067
49.3	-0.619979	-0.784619	-4.61845	-0.895087	4.70439
49.4	-0.713339	-0.700819	-4.65578	-1.37694	4.85513
49.5	-0.751456	-0.659783	-4.54811	-1.91891	4.93635
49.6	-0.739933	-0.672681	-4.2959	-2.50437	4.97259
49.7	-0.676878	-0.736096	-3.89713	-3.10885	4.98524
49.8	-0.554818	-0.831971	-3.34638	-3.69679	4.98643
49.9	-0.36988	-0.92908	-2.64132	-4.22158	4.97979
50	-0.133372	-0.991066	-1.79153	-4.63119	4.96563
50.1	0.123923	-0.992292	-0.824561	-4.87821	4.94741
50.2	0.361858	-0.932233	0.214262	-4.92951	4.93416
50.3	0.549035	-0.8358	1.26684	-4.77087	4.9362
50.4	0.673419	-0.739261	2.26814	-4.40762	4.95697
50.5	0.738518	-0.674233	3.15209	-3.86401	4.98661
50.6	0.75187	-0.659311	3.85746	-3.18029	4.99942
50.7	0.715659	-0.69845	4.33238	-2.40705	4.95615
50.8	0.624498	-0.781027	4.53967	-1.60041	4.81352
50.9	0.471215	-0.882018	4.47071	-0.81834	4.54499
51	0.258171	-0.966099	4.16572	-0.111096	4.16721
51.1	0.00659414	-0.999978	3.71742	0.493269	3.75
51.2	-0.246023	-0.969264	3.24104	0.990422	3.389
51.3	-0.461709	-0.887031	2.8326	1.38179	3.15166
51.4	-0.618218	-0.786007	2.54829	1.65801	3.0402
51.5	-0.71239	-0.701784	2.40965	1.79879	3.007
51.6	-0.751212	-0.660061	2.41744	1.78117	3.00277
51.7	-0.740362	-0.672209	2.56151	1.58559	3.01254
51.8	-0.678057	-0.73501	2.82346	1.19874	3.06739
51.9	-0.556856	-0.830609	3.17248	0.615791	3.23169
52	-0.372758	-0.927929	3.55226	-0.157087	3.55574
52.1	-0.136808	-0.990598	3.86182	-1.09536	4.01416
52.2	0.120445	-0.99272	3.95379	-2.13528	4.49354
52.3	0.35887	-0.933387	3.68692	-3.15241	4.85089
52.4	0.54685	-0.837231	3.015	-3.98497	4.99702
52.5	0.672083	-0.740476	2.02225	-4.50572	4.93872
52.6	0.737932	-0.674875	0.870058	-4.67269	4.753
52.7	0.751953	-0.659216	-0.278066	-4.52432	4.53286
52.8	0.716436	-0.697653	-1.30254	-4.15073	4.35031
52.9	0.626077	-0.779761	-2.14678	-3.66269	4.24546
53	0.473663	-0.880706	-2.81382	-3.1594	4.23077
53.1	0.261351	-0.965244	-3.341	-2.70394	4.29809
53.2	0.0100937	-0.999949	-3.76603	-2.31937	4.42295
53.3	-0.242757	-0.970087	-4.10672	-2.00441	4.56977
53.4	-0.459118	-0.888375	-4.3645	-1.75325	4.70348
53.5	-0.616473	-0.787376	-4.54002	-1.56568	4.80241
53.6	-0.711445	-0.702741	-4.64167	-1.44661	4.86187
53.7	-0.750962	-0.660346	-4.68166	-1.40171	4.88699
53.8	-0.740773	-0.671755	-4.66747	-1.43404	4.8828
53.9	-0.679204	-0.733949	-4.59662	-1.54256	4.84855
54	-0.558847	-0.829271	-4.45788	-1.72234	4.77903
54.1	-0.375578	-0.926791	-4.23809	-1.96652	4.6721
54.2	-0.140183	-0.990126	-3.92982	-2.27021	4.53843
54.3	0.117022	-0.993129	-3.53098	-2.63388	4.40513
54.4	0.355922	-0.934516	-3.03293	-3.05953	4.30806
54.5	0.544689	-0.838638	-2.40939	-3.53556	4.27848
54.6	0.670756	-0.741678	-1.62425	-4.01779	4.33369
54.7	0.737345	-0.675516	-0.660071	-4.42348	4.47246
54.8	0.752026	-0.659134	0.45137	-4.64782	4.66968
54.9	0.71719	-0.696878	1.61642	-4.59449	4.87054
55	0.627618	-0.778522	2.68979	-4.20598	4.99252
55.1	0.476059	-0.879413	3.50656	-3.49018	4.94745
55.2	0.26447	-0.964394	3.94224	-2.5373	4.68819
55.3	0.0135347	-0.999908	3.98253	-1.49701	4.25459
55.4	-0.239539	-0.970887	3.73399	-0.511462	3.76886
55.5	-0.456558	-0.889694	3.3519	0.333285	3.36843
55.6	-0.614744	-0.788727	2.96271	1.00065	3.12713
55.7	-0.710505	-0.703692	2.642	1.47821	3.02742
55.8	-0.750706	-0.660636	2.4297	1.76527	3.00327
55.9	-0.741168	-0.671319	2.3479	1.86988	3.00151
56	-0.680322	-0.732914	2.40962	1.80722	3.01203
56.1	-0.560793	-0.827956	2.61986	1.59762	3.06856
56.2	-0.378341	-0.925666	2.96984	1.26287	3.22719
56.3	-0.143497	-0.989651	3.42445	0.818605	3.52093
56.4	0.113652	-0.993521	3.90955	0.267892	3.91872
56.5	0.353013	-0.935618	4.31581	-0.391364	4.33352
56.6	0.542552	-0.840022	4.53085	-1.14575	4.67347
56.7	0.669441	-0.742865	4.48134	-1.95506	4.88924
56.8	0.736758	-0.676156	4.14975	-2.76218	4.98498
56.9	0.752087	-0.659064	3.56031	-3.50755	4.99787
57	0.71792	-0.696125	2.75943	-4.13593	4.97196
57.1	0.629121	-0.777308	1.80583	-4.60031	4.94205
57.2	0.478403	-0.87814	0.765723	-4.86781	4.92767
57.3	0.267529	-0.96355	-0.292969	-4.92409	4.93279
57.4	0.0169171	-0.999857	-1.30706	-4.77439	4.95007
57.5	-0.236368	-0.971664	-2.22375	-4.44302	4.96845
57.6	-0.45403	-0.890987	-3.00602	-3.97114	4.98057
57.7	-0.613033	-0.790057	-3.63577	-3.40981	4.98453
57.8	-0.709571	-0.704634	-4.11088	-2.80965	4.9793
57.9	-0.750445	-0.660933	-4.43728	-2.21246	4.95827
58	-0.741547	-0.670901	-4.62032	-1.64822	4.9055
58.1	-0.681409	-0.731902	-4.66085	-1.13693	4.79751
58.2	-0.562695	-0.826665	-4.56044	-0.692308	4.61269
58.3	-0.381046	-0.924556	-4.3357	-0.323962	4.34779
58.4	-0.146751	-0.989174	-4.03178	-0.0370361	4.03195
58.5	0.110336	-0.993894	-3.71813	0.164926	3.72178
58.6	0.350145	-0.936696	-3.46346	0.270135	3.47398
58.7	0.540439	-0.841383	-3.30771	0.250302	3.31716
58.8	0.668136	-0.744039	-3.24927	0.0646182	3.24991
58.9	0.736171	-0.676795	-3.24842	-0.326045	3.26474
59	0.752138	-0.659005	-3.23779	-0.942701	3.37223
59.1	0.718628	-0.695394	-3.13356	-1.77274	3.60025
59.2	0.630587	-0.776119	-2.84616	-2.75405	3.96048
59.3	0.480696	-0.876887	-2.29457	-3.7575	4.40271
59.4	0.270529	-0.962712	-1.43936	-4.57882	4.79973
59.5	0.0202408	-0.999795	-0.341751	-4.98338	4.99509
59.6	-0.233244	-0.972418	0.813852	-4.83293	4.90098
59.7	-0.451534	-0.892254	1.81229	-4.19	4.56514
59.8	-0.61134	-0.791368	2.53225	-3.26479	4.13173
59.9	-0.708642	-0.705569	2.96851	-2.27992	3.743
60	-0.75018	-0.661234	3.18197	-1.39484	3.47427
60.1	-0.741909	-0.6705	3.25799	-0.698434	3.33202
60.2	-0.682468	-0.730916	3.28513	-0.222773	3.29267
60.3	-0.564552	-0.825398	3.34041	0.0413464	3.34067
60.4	-0.383696	-0.92346	3.47555	0.1283	3.47792
60.5	-0.149944	-0.988695	3.70465	0.0800174	3.70551
60.6	0.107075	-0.994251	3.99895	-0.0705154	3.99957
60.7	0.347317	-0.937748	4.29726	-0.306904	4.3082
60.8	0.538352	-0.84272	4.53237	-0.624049	4.57513
60.9	0.666843	-0.745198	4.65751	-1.01827	4.76752
61	0.735585	-0.677433	4.65367	-1.4828	4.88419
61.1	0.752179	-0.658958	4.51805	-2.00738	4.94392
61.2	0.719314	-0.694685	4.24912	-2.57629	4.96914
61.3	0.632016	-0.774955	3.83982	-3.16451	4.97578
61.4	0.482938	-0.875655	3.27998	-3.73512	4.97086
61.5	0.273468	-0.961881	2.56456	-4.24074	4.95589
61.6	0.0235057	-0.999724	1.70255	-4.63026	4.93336
61.7	-0.23017	-0.973151	0.721674	-4.85825	4.91156
61.8	-0.449071	-0.893496	-0.332537	-4.8918	4.90309
61.9	-0.609665	-0.792659	-1.40021	-4.71376	4.91733
62	-0.707719	-0.706494	-2.4113	-4.32558	4.95228
62.1	-0.74991	-0.66154	-3.29208	-3.7498	4.98987
62.2	-0.742256	-0.670116	-3.9733	-3.02816	4.99568
62.3	-0.683497	-0.729953	-4.39726	-2.21587	4.92402
62.4	-0.566365	-0.824154	-4.52805	-1.37647	4.73264
62.5	-0.386289	-0.922378	-4.37117	-0.574957	4.40882
62.6	-0.153076	-0.988214	-3.99132	0.137784	3.9937
62.7	0.103868	-0.994591	-3.50065	0.739609	3.57793
62.8	0.34453	-0.938775	-3.0162	1.23044	3.25752
62.9	0.53629	-0.844034	-2.62217	1.61037	3.07719
63	0.665563	-0.746342	-2.36185	1.868	3.01127
63.1	0.735	-0.678068	-2.24975	1.98487	3.00018
63.2	0.752211	-0.658922	-2.2856	1.94332	3.00008
63.3	0.719979	-0.693996	-2.46159	1.73038	3.00893
63.4	0.63341	-0.773817	-2.76292	1.33922	3.07038
63.5	0.485129	-0.874442	-3.16128	0.769852	3.25367
63.6	0.276348	-0.961058	-3.59923	0.0288472	3.59934
63.7	0.0267119	-0.999643	-3.97104	-0.86557	4.06428
63.8	-0.227143	-0.973861	-4.12705	-1.86309	4.5281
63.9	-0.446643	-0.894712	-3.93051	-2.86008	4.86096
64	-0.608008	-0.793931	-3.33666	-3.71873	4.99623
64.1	-0.706802	-0.707411	-2.41567	-4.32401	4.95303
64.2	-0.749636	-0.66185	-1.30601	-4.62297	4.8039
64.3	-0.742589	-0.669748	-0.15574	-4.62646	4.62909
64.4	-0.684498	-0.729015	0.916256	-4.39475	4.48924
64.5	-0.568135	-0.822935	1.84142	-4.01575	4.41781
64.6	-0.388827	-0.921311	2.6034	-3.57585	4.42316
64.7	-0.156148	-0.987734	3.21848	-3.13527	4.49316
64.8	0.100716	-0.994915	3.70817	-2.72299	4.60057
64.9	0.341785	-0.939778	4.0851	-2.34961	4.71261
65	0.534254	-0.845324	4.35713	-2.02245	4.80363
65.1	0.664295	-0.747471	4.53623	-1.7515	4.86263
65.2	0.734416	-0.6787	4.63899	-1.54722	4.8902
65.3	0.752234	-0.658896	4.67974	-1.417	4.88956
65.4	0.720622	-0.693328	4.66408	-1.36352	4.8593
65.5	0.634768	-0.772703	4.58759	-1.38525	4.79217
65.6	0.487271	-0.873251	4.44126	-1.47823	4.6808
65.7	0.27917	-0.960242	4.22104	-1.63969	4.52833
65.8	0.0298594	-0.999554	3.93338	-1.87278	4.35646
65.9	-0.224166	-0.974551	3.58694	-2.18924	4.20225
66	-0.444248	-0.895904	3.17315	-2.60307	4.10425
66.1	-0.606372	-0.795181	2.65434	-3.11203	4.09026
66.2	-0.705893	-0.708318	1.97597	-3.67608	4.17349
66.3	-0.749359	-0.662164	1.09959	-4.20919	4.35045
66.4	-0.742906	-0.669396	0.0372824	-4.59257	4.59272
66.5	-0.685471	-0.7281	-1.12978	-4.70335	4.83714
66.6	-0.569863	-0.82174	-2.25455	-4.44966	4.98824
66.7	-0.39131	-0.920259	-3.1547	-3.81226	4.94828
66.8	-0.15916	-0.987253	-3.68421	-2.87776	4.67492
66.9	0.0976189	-0.995224	-3.81751	-1.81484	4.22694
67	0.339082	-0.940757	-3.6581	-0.79059	3.74256
67.1	0.532246	-0.84659	-3.35666	0.0895875	3.35785
67.2	0.66304	-0.748584	-3.03421	0.777974	3.13235
67.3	0.733834	-0.679329	-2.76509	1.2591	3.03827
67.4	0.752248	-0.65888	-2.59243	1.535	3.01279
67.5	0.721245	-0.69268	-2.54302	1.61915	3.01473
67.6	0.636091	-0.771614	-2.63341	1.53281	3.04702
67.7	0.489364	-0.87208	-2.86856	1.30148	3.15
67.8	0.281932	-0.959434	-3.23336	0.94916	3.36979
67.9	0.032948	-0.999457	-3.67942	0.489936	3.7119
68	-0.221238	-0.97522	-4.11843	-0.0741564	4.1191
68.1	-0.441888	-0.89707	-4.4388	-0.739858	4.50003
68.2	-0.604755	-0.796412	-4.54512	-1.48453	4.78142
68.3	-0.704991	-0.709216	-4.39036	-2.26422	4.93984
68.4	-0.749078	-0.662481	-3.97608	-3.02605	4.99662
68.5	-0.74321	-0.669059	-3.33301	-3.71749	4.99286
68.6	-0.686417	-0.727208	-2.50612	-4.28932	4.96779
68.7	-0.571549	-0.820568	-1.54943	-4.6992	4.94805
68.8	-0.393738	-0.919223	-0.52315	-4.91713	4.94488
68.9	-0.162113	-0.986772	0.51064	-4.92979	4.95617
69	0.0945769	-0.995518	1.49329	-4.743	4.97252
69.1	0.336421	-0.941712	2.37575	-4.38281	4.9853
69.2	0.530264	-0.847832	3.12471	-3.89231	4.99138
69.3	0.661798	-0.749682	3.72459	-3.32248	4.99114
69.4	0.733254	-0.679955	4.17308	-2.72142	4.98204
69.5	0.752254	-0.658873	4.47289	-2.12751	4.95308
69.6	0.721847	-0.692053	4.62474	-1.5681	4.88335
69.7	0.637379	-0.77055	4.62673	-1.06223	4.7471
69.8	0.491408	-0.870929	4.48379	-0.62411	4.52701
69.9	0.284637	-0.958635	4.22383	-0.263852	4.23207
70	0.0359779	-0.999353	3.90577	0.0129378	3.90579
70.1	-0.21836	-0.975868	3.60494	0.19987	3.61048
70.2	-0.439563	-0.898212	3.38327	0.279048	3.39476
70.3	-0.603158	-0.797622	3.26609	0.216719	3.27328
70.4	-0.704098	-0.710103	3.23738	-0.0283514	3.2375
70.5	-0.748795	-0.662801	3.24746	-0.489763	3.28418
70.6	-0.743499	-0.668737	3.22393	-1.17818	3.43246
70.7	-0.687336	-0.72634	3.08149	-2.06647	3.71024
70.8	-0.573193	-0.819421	2.73148	-3.07312	4.11157
70.9	-0.396112	-0.918202	2.09911	-4.04452	4.5568
71	-0.165005	-0.986293	1.16739	-4.75786	4.89898
71.1	0.0915903	-0.995797	0.036846	-4.99542	4.99556
71.2	0.333803	-0.942643	-1.08611	-4.68214	4.80646
71.3	0.52831	-0.849051	-2.00889	-3.9414	4.42383
71.4	0.660571	-0.750764	-2.64939	-2.99668	3.99992
71.5	0.732677	-0.680576	-3.0256	-2.05002	3.6547
71.6	0.752252	-0.658875	-3.20597	-1.23546	3.43579
71.7	0.72243	-0.691444	-3.27696	-0.621784	3.33543
71.8	0.638634	-0.76951	-3.32433	-0.226477	3.33204
71.9	0.493404	-0.8698	-3.41762	-0.0308175	3.41776
72	0.287283	-0.957846	-3.59552	0.00333684	3.59552
72.1	0.038949	-0.999241	-3.85505	-0.0844976	3.85598
72.2	-0.215532	-0.976497	-4.15219	-0.267469	4.1608
72.3	-0.437273	-0.899329	-4.42053	-0.533751	4.45264
72.4	-0.601582	-0.798811	-4.60079	-0.878452	4.6839
72.5	-0.703212	-0.71098	-4.6602	-1.29601	4.83705
72.6	-0.74851	-0.663124	-4.58996	-1.77815	4.92235
72.7	-0.743776	-0.668429	-4.39008	-2.31295	4.96211
72.8	-0.688229	-0.725494	-4.05744	-2.88152	4.97654
72.9	-0.574796	-0.818297	-3.58334	-3.45432	4.97722
73	-0.398432	-0.917198	-2.95908	-3.99015	4.96765
73.1	-0.167838	-0.985815	-2.18488	-4.44002	4.94848
73.2	0.0886591	-0.996062	-1.27728	-4.75561	4.92415
73.3	0.331229	-0.94355	-0.271096	-4.89794	4.90544
73.4	0.526385	-0.850246	0.783255	-4.84199	4.90493
73.5	0.659358	-0.751829	1.82326	-4.57875	4.92841
73.6	0.732103	-0.681194	2.77876	-4.11793	4.96779
73.7	0.752243	-0.658886	3.5789	-3.48908	4.99822
73.8	0.722993	-0.690855	4.15943	-2.73802	4.97972
73.9	0.639856	-0.768495	4.47008	-1.92149	4.86557
74	0.495352	-0.868692	4.48849	-1.10286	4.622
74.1	0.289872	-0.957066	4.2424	-0.342611	4.25621
74.2	0.0418614	-0.999123	3.81848	0.318873	3.83178
74.3	-0.212754	-0.977106	3.33577	0.868973	3.44709
74.4	-0.435019	-0.900421	2.90008	1.308	3.1814
74.5	-0.600027	-0.799979	2.57746	1.62975	3.04949
74.6	-0.702335	-0.711846	2.39648	1.81746	3.0077
74.7	-0.748222	-0.663448	2.36273	1.8509	3.00139
74.8	-0.744039	-0.668136	2.47025	1.7127	3.0059
74.9	-0.689095	-0.724671	2.7056	1.391	3.04223
75	-0.576358	-0.817197	3.04519	0.881143	3.17011
75.1	-0.400699	-0.91621	3.44422	0.186789	3.44928
75.2	-0.170611	-0.985338	3.81746	-0.67663	3.87696
75.3	0.0857834	-0.996314	4.0292	-1.66676	4.36033
75.4	0.328698	-0.944435	3.92798	-2.68948	4.7605
75.5	0.524488	-0.851418	3.42883	-3.60184	4.97294
75.6	0.65816	-0.752878	2.56933	-4.26677	4.98064
75.7	0.731533	-0.681806	1.48197	-4.61078	4.84309
75.8	0.752226	-0.658905	0.325855	-4.63612	4.64755
75.9	0.723537	-0.690285	-0.764692	-4.40312	4.46903
76	0.641044	-0.767504	-1.70701	-4.00581	4.35436
76.1	0.497253	-0.867606	-2.47696	-3.54231	4.32242
76.2	0.292403	-0.956295	-3.09329	-3.08634	4.36966
76.3	0.044715	-0.999	-3.58729	-2.67486	4.47477
76.4	-0.210026	-0.977696	-3.97906	-2.31724	4.60462
76.5	-0.432802	-0.901489	-4.27506	-2.01371	4.72559
76.6	-0.598495	-0.801127	-4.48003	-1.76739	4.81605
76.7	-0.701468	-0.712701	-4.60507	-1.58554	4.87039
76.8	-0.747933	-0.663774	-4.66466	-1.4757	4.89252
76.9	-0.74429	-0.667857	-4.66861	-1.44227	4.88631
77	-0.689937	-0.72387	-4.61679	-1.48531	4.84984
77.1	-0.577881	-0.816121	-4.50012	-1.601	4.77643
77.2	-0.402913	-0.915238	-4.30746	-1.78386	4.66223
77.3	-0.173326	-0.984865	-4.03416	-2.03081	4.51648
77.4	0.0829636	-0.996553	-3.68281	-2.34523	4.36614
77.5	0.326211	-0.945297	-3.25087	-2.7354	4.2486
77.6	0.52262	-0.852566	-2.71521	-3.20127	4.19768
77.7	0.656977	-0.75391	-2.03362	-3.71376	4.2341
77.8	0.730966	-0.682414	-1.16998	-4.20184	4.36169
77.9	0.752203	-0.658932	-0.128538	-4.56076	4.56258
78	0.724063	-0.689734	1.02411	-4.67846	4.78924
78.1	0.6422	-0.766537	2.15906	-4.46777	4.96211
78.2	0.499107	-0.86654	3.10777	-3.89884	4.9859
78.3	0.294877	-0.955535	3.71559	-3.02887	4.79371
78.4	0.0475099	-0.998871	3.92054	-1.99868	4.40061
78.5	-0.207349	-0.978267	3.79264	-0.970681	3.91489
78.6	-0.430622	-0.902532	3.47972	-0.0603606	3.48024
78.7	-0.596984	-0.802253	3.11988	0.675902	3.19225
78.8	-0.700609	-0.713545	2.80268	1.21698	3.0555
78.9	-0.747643	-0.664101	2.57771	1.55896	3.01247
79	-0.744528	-0.667591	2.473	1.70887	3.00598
79.1	-0.690753	-0.723091	2.50554	1.68185	3.01767
79.2	-0.579364	-0.815069	2.68352	1.49871	3.07367
79.3	-0.405074	-0.914284	3.00141	1.18235	3.2259
79.4	-0.175981	-0.984394	3.4281	0.750711	3.50934
79.5	0.0801996	-0.996779	3.89371	0.210327	3.89939
79.6	0.323769	-0.946136	4.29137	-0.438065	4.31367
79.7	0.520782	-0.85369	4.50743	-1.18021	4.65938
79.8	0.655811	-0.754925	4.46477	-1.97633	4.88263
79.9	0.730404	-0.683016	4.14281	-2.77	4.98355
80	0.752173	-0.658966	3.56497	-3.50293	4.99796
80.1	0.724571	-0.6892	2.77796	-4.12192	4.97065
80.2	0.643324	-0.765594	1.8403	-4.5823	4.93803
80.3	0.500915	-0.865496	0.817074	-4.85298	4.92129
80.4	0.297294	-0.954786	-0.2258	-4.92043	4.92561
80.5	0.0502462	-0.998737	-1.22745	-4.78918	4.94398
80.6	-0.204723	-0.97882	-2.13687	-4.48122	4.96463
80.7	-0.42848	-0.903551	-2.91776	-4.0346	4.97909
80.8	-0.595496	-0.803358	-3.55177	-3.49788	4.985
80.9	-0.699761	-0.714377	-4.03649	-2.92034	4.98213
81	-0.747351	-0.664429	-4.37794	-2.34336	4.96565
81.1	-0.744755	-0.667338	-4.58198	-1.79683	4.92169
81.2	-0.691545	-0.722334	-4.64956	-1.30037	4.82798
81.3	-0.580808	-0.814041	-4.58045	-0.86718	4.66182
81.4	-0.407184	-0.913346	-4.38648	-0.50687	4.41567
81.5	-0.178577	-0.983926	-4.1061	-0.225951	4.11232
81.6	0.0774915	-0.996993	-3.80386	-0.0299713	3.80398
81.7	0.321372	-0.946953	-3.54765	0.0682489	3.54831
81.8	0.518974	-0.85479	-3.37949	0.0407593	3.37973
81.9	0.65466	-0.755924	-3.29953	-0.152263	3.30304
82	0.729846	-0.683612	-3.26787	-0.54841	3.31357
82.1	0.752137	-0.659007	-3.21562	-1.16588	3.42045
82.2	0.725061	-0.688685	-3.0582	-1.9875	3.64729
82.3	0.644417	-0.764674	-2.70888	-2.94537	4.00165
82.4	0.502677	-0.864474	-2.09562	-3.90567	4.43237
82.5	0.299655	-0.954048	-1.19439	-4.66455	4.81504
82.6	0.0529238	-0.998599	-0.0821572	-4.99632	4.99699
82.7	-0.202149	-0.979355	1.05091	-4.77802	4.89223
82.8	-0.426375	-0.904547	1.99859	-4.08567	4.5483
82.9	-0.594031	-0.804442	2.65702	-3.13482	4.10936
83	-0.698923	-0.715197	3.03669	-2.14531	3.71804
83.1	-0.747059	-0.664757	3.20691	-1.26984	3.44917
83.2	-0.74497	-0.667098	3.2543	-0.590614	3.30746
83.3	-0.692312	-0.721598	3.26451	-0.135441	3.26732
83.4	-0.582213	-0.813036	3.31071	0.106292	3.31241
83.5	-0.409241	-0.912426	3.44196	0.168429	3.44608
83.6	-0.181115	-0.983462	3.67161	0.0919494	3.67276
83.7	0.0748395	-0.997196	3.97069	-0.0903821	3.97172
83.8	0.319019	-0.947748	4.27582	-0.361443	4.29107
83.9	0.517197	-0.855867	4.5147	-0.714591	4.5709
84	0.653526	-0.756904	4.63478	-1.14372	4.77381
84.1	0.729293	-0.684202	4.61366	-1.63902	4.89615
84.2	0.752096	-0.659054	4.4487	-2.18716	4.95728
84.3	0.725533	-0.688187	4.14129	-2.76968	4.98211
84.4	0.645479	-0.763778	3.68902	-3.35932	4.98938
84.5	0.504394	-0.863474	3.08759	-3.9175	4.98799
84.6	0.30196	-0.953321	2.3383	-4.39618	4.97937
84.7	0.0555429	-0.998456	1.4563	-4.74517	4.96361
84.8	-0.199626	-0.979872	0.474542	-4.92265	4.94547
84.9	-0.424308	-0.905518	-0.558445	-4.90327	4.93497
85	-0.592589	-0.805505	-1.58426	-4.68063	4.94147
85.1	-0.698096	-0.716004	-2.54007	-4.26666	4.96551
85.2	-0.746767	-0.665086	-3.36388	-3.6901	4.99325
85.3	-0.745174	-0.66687	-3.99941	-2.9928	4.99521
85.4	-0.693056	-0.720884	-4.39972	-2.22443	4.93007
85.5	-0.58358	-0.812055	-4.53414	-1.43901	4.75701
85.6	-0.411247	-0.911524	-4.40517	-0.691204	4.45907
85.7	-0.183594	-0.983002	-4.06725	-0.0252936	4.06733
85.8	0.0722437	-0.997387	-3.6217	0.53715	3.66131
85.9	0.316712	-0.948522	-3.18044	0.993115	3.33188
86	0.51545	-0.85692	-2.82774	1.33923	3.12884
86.1	0.652409	-0.757867	-2.60744	1.56018	3.03857
86.2	0.728745	-0.684785	-2.53185	1.63222	3.01238
86.3	0.752049	-0.659108	-2.59499	1.53118	3.01305
86.4	0.725989	-0.687706	-2.78017	1.2376	3.04319
86.5	0.64651	-0.762906	-3.06042	0.739977	3.14861
86.6	0.506065	-0.862495	-3.39122	0.0381593	3.39143
86.7	0.304209	-0.952605	-3.69449	-0.85052	3.79112
86.8	0.0581034	-0.998311	-3.84449	-1.87568	4.27765
86.9	-0.197154	-0.980372	-3.69059	-2.92868	4.71144
87	-0.422279	-0.906466	-3.13819	-3.8431	4.96162
87.1	-0.591172	-0.806546	-2.2238	-4.45819	4.98204
87.2	-0.69728	-0.716799	-1.09664	-4.69681	4.82314
87.3	-0.746475	-0.665413	0.0649738	-4.58224	4.5827
87.4	-0.745368	-0.666653	1.11967	-4.20525	4.35175
87.5	-0.693776	-0.720191	1.99085	-3.68546	4.1888
87.6	-0.58491	-0.811098	2.669	-3.13748	4.11915
87.7	-0.413202	-0.910639	3.19225	-2.6429	4.14432
87.8	-0.186014	-0.982547	3.61176	-2.2383	4.24909
87.9	0.0697042	-0.997568	3.96073	-1.9249	4.4037
88	0.314451	-0.949274	4.24527	-1.69001	4.56929
88.1	0.513735	-0.857949	4.45786	-1.52417	4.71122
88.2	0.651309	-0.758813	4.59526	-1.42608	4.81146
88.3	0.728203	-0.685361	4.66395	-1.39945	4.86938
88.4	0.751997	-0.659167	4.67338	-1.44831	4.89266
88.5	0.726428	-0.687242	4.62693	-1.57385	4.88728
88.6	0.64751	-0.762057	4.5177	-1.7728	4.85309
88.7	0.507693	-0.861538	4.33092	-2.03753	4.78627
88.8	0.306403	-0.951902	4.05108	-2.3581	4.68742
88.9	0.0606053	-0.998162	3.66812	-2.72612	4.57021
89	-0.194735	-0.980856	3.17496	-3.13611	4.46269
89.1	-0.42029	-0.90739	2.55755	-3.57805	4.39813
89.2	-0.589779	-0.807565	1.79209	-4.02108	4.40235
89.3	-0.696475	-0.717581	0.861814	-4.40156	4.48514
89.4	-0.746183	-0.665741	-0.214671	-4.63027	4.63524
89.5	-0.745551	-0.666449	-1.36498	-4.6182	4.81569
89.6	-0.694474	-0.719518	-2.46638	-4.30565	4.96202
89.7	-0.586202	-0.810165	-3.36829	-3.68419	4.99185
89.8	-0.415107	-0.909773	-3.93393	-2.81184	4.83552
89.9	-0.188377	-0.982097	-4.10193	-1.80921	4.4832
90	0.067221	-0.997738	-3.92862	-0.815455	4.01236
90.1	0.312236	-0.950005	-3.55587	0.0686936	3.55653
90.2	0.512052	-0.858955	-3.12981	0.795386	3.2293
90.3	0.650227	-0.75974	-2.74997	1.34707	3.06218
90.4	0.727667	-0.685931	-2.46964	1.71765	3.00823
90.5	0.75194	-0.659232	-2.31538	1.90817	3.00035
90.6	0.726851	-0.686795	-2.30139	1.92658	3.00135
90.7	0.648481	-0.761231	-2.4349	1.78686	3.0202
90.8	0.509276	-0.860604	-2.71461	1.50722	3.10496
90.9	0.308541	-0.951211	-3.12214	1.10559	3.31211
91	0.0630489	-0.99801	-3.60745	0.591786	3.65567
91.1	-0.192368	-0.981323	-4.0787	-0.0345291	4.07885
91.2	-0.41834	-0.908291	-4.41592	-0.769164	4.48241
91.3	-0.58841	-0.808562	-4.51277	-1.58275	4.78228
91.4	-0.695682	-0.71835	-4.31609	-2.41913	4.94781
91.5	-0.745892	-0.666067	-3.83088	-3.21221	4.99939
91.6	-0.745724	-0.666255	-3.09992	-3.9001	4.982
91.7	-0.695149	-0.718866	-2.18517	-4.43099	4.94051
91.8	-0.587458	-0.809255	-1.15827	-4.76832	4.90698
91.9	-0.416961	-0.908924	-0.0928698	-4.89577	4.89665
92	-0.190682	-0.981652	0.943488	-4.81749	4.90901
92.1	0.0647943	-0.997899	1.89498	-4.55464	4.93312
92.2	0.310067	-0.950715	2.72086	-4.14259	4.95622
92.3	0.5104	-0.859937	3.39829	-3.62762	4.97072
92.4	0.649164	-0.760649	3.92239	-3.05978	4.97467
92.5	0.727137	-0.686493	4.30055	-2.48392	4.96634
92.6	0.751879	-0.659302	4.54336	-1.93393	4.93783
92.7	0.727258	-0.686364	4.65712	-1.43212	4.87235
92.8	0.649423	-0.760427	4.6427	-0.992262	4.74755
92.9	0.510815	-0.859691	4.50383	-0.623342	4.54676
93	0.310624	-0.950533	4.26241	-0.331377	4.27528
93.1	0.065434	-0.997857	3.968	-0.120369	3.96982
93.2	-0.190053	-0.981774	3.68702	0.00223511	3.68702
93.3	-0.416429	-0.909168	3.47506	0.0161839	3.4751
93.4	-0.587067	-0.809538	3.35205	-0.114273	3.35399
93.5	-0.694901	-0.719105	3.29465	-0.430184	3.32262
93.6	-0.745602	-0.666391	3.24358	-0.960332	3.38276
93.7	-0.745887	-0.666073	3.11723	-1.70352	3.55234
93.8	-0.695801	-0.718234	2.82706	-2.61282	3.84956
93.9	-0.588677	-0.808369	2.29451	-3.58096	4.253
94	-0.418766	-0.908094	1.47658	-4.43055	4.67012
94.1	-0.192929	-0.981213	0.411118	-4.93534	4.95243
94.2	0.0624241	-0.99805	-0.74644	-4.91541	4.97177
94.3	0.307945	-0.951404	-1.77722	-4.36492	4.71286
94.4	0.508782	-0.860896	-2.53004	-3.46197	4.28793
94.5	0.648118	-0.76154	-2.98164	-2.44228	3.8542
94.6	0.726613	-0.687047	-3.19191	-1.49026	3.52267
94.7	0.751813	-0.659376	-3.24781	-0.714085	3.32539
94.8	0.727649	-0.68595	-3.23762	-0.159999	3.24157
94.9	0.650336	-0.759647	-3.24017	0.16985	3.24462
95	0.512311	-0.8588	-3.31552	0.302095	3.32926
95.1	0.312653	-0.949867	-3.4945	0.277147	3.50548
95.2	0.0677609	-0.997702	-3.76895	0.13351	3.77132
95.3	-0.187791	-0.982209	-4.0903	-0.104456	4.09163
95.4	-0.414559	-0.910023	-4.38534	-0.427441	4.40612
95.5	-0.585749	-0.810492	-4.58569	-0.831351	4.66044
95.6	-0.694133	-0.719847	-4.65055	-1.3087	4.83118
95.7	-0.745314	-0.666714	-4.56711	-1.84734	4.92658
95.8	-0.74604	-0.665901	-4.3356	-2.43085	4.97056
95.9	-0.696432	-0.717623	-3.95607	-3.03598	4.98675
96	-0.58986	-0.807506	-3.42513	-3.62907	4.99016
96.1	-0.420521	-0.907283	-2.74104	-4.16538	4.98635
96.2	-0.195118	-0.98078	-1.91219	-4.59349	4.9756
96.3	0.0601105	-0.998192	-0.963873	-4.8649	4.95947
96.4	0.30587	-0.952073	0.0608591	-4.94456	4.94494
96.5	0.507196	-0.861831	1.10595	-4.81676	4.9421
96.6	0.647092	-0.762412	2.10875	-4.48579	4.95673
96.7	0.726097	-0.687593	3.00576	-3.9744	4.98302
96.8	0.751744	-0.659455	3.73802	-3.32069	4.99998
96.9	0.728025	-0.68555	4.25489	-2.57268	4.9722
97	0.65122	-0.758889	4.5178	-1.78336	4.85705
97.1	0.513764	-0.857932	4.51095	-1.00784	4.62217
97.2	0.314628	-0.949215	4.26104	-0.296633	4.27135
97.3	0.0700295	-0.997545	3.84763	0.31765	3.86072
97.4	-0.185581	-0.982629	3.38212	0.826111	3.48155
97.5	-0.412729	-0.910854	2.96636	1.22965	3.21113
97.6	-0.584457	-0.811424	2.66535	1.52068	3.06865
97.7	-0.693377	-0.720575	2.50667	1.67936	3.01723
97.8	-0.745027	-0.667035	2.4933	1.681	3.00704
97.9	-0.746184	-0.665739	2.6147	1.50323	3.01602
98	-0.697041	-0.717031	2.85112	1.12974	3.06679
98.1	-0.591007	-0.806666	3.17075	0.553172	3.21864
98.2	-0.422227	-0.90649	3.51864	-0.221261	3.52559
98.3	-0.19725	-0.980353	3.79836	-1.1676	3.97377
98.4	0.0578535	-0.998325	3.86716	-2.21864	4.4584
98.5	0.303842	-0.952722	3.5827	-3.24381	4.83302
98.6	0.505643	-0.862743	2.89389	-4.07153	4.99519
98.7	0.646085	-0.763265	1.88534	-4.56645	4.94035
98.8	0.725587	-0.68813	0.72522	-4.68813	4.74389
98.9	0.751671	-0.659538	-0.417078	-4.48498	4.50433
99	0.728386	-0.685167	-1.42115	-4.05852	4.30014
99.1	0.652075	-0.758154	-2.23376	-3.52798	4.17569
99.2	0.515175	-0.857085	-2.86385	-2.99769	4.14582
99.3	0.316548	-0.948576	-3.3563	-2.53294	4.20482
99.4	0.0722398	-0.997387	-3.75629	-2.15598	4.33105
99.5	-0.183424	-0.983034	-4.08571	-1.86177	4.4899
99.6	-0.410939	-0.911663	-4.34421	-1.63926	4.6432
99.7	-0.583192	-0.812334	-4.52647	-1.48359	4.7634
99.8	-0.692635	-0.721288	-4.63518	-1.39684	4.84108
99.9	-0.744741	-0.667353	-4.68008	-1.38367	4.88034
100	-0.74632	-0.665588	-4.66919	-1.44729	4.88836
