0	0.707107	-0.707107	4.17121	-2.70711	4.97267
0.1	0.75186	-0.659323	4.47234	-2.12835	4.95295
0.2	0.748292	-0.66337	4.63964	-1.58932	4.90431
0.3	0.696349	-0.717703	4.67728	-1.10777	4.80668
0.4	0.590269	-0.807206	4.58869	-0.694814	4.641
0.5	0.425584	-0.904919	4.38794	-0.357421	4.40247
0.6	0.208413	-0.978041	4.11066	-0.0991278	4.11185
0.7	-0.0390729	-0.999236	3.81341	0.0770425	3.81419
0.8	-0.282343	-0.959314	3.5577	0.160524	3.56132
0.9	-0.487435	-0.873159	3.38603	0.124979	3.38833
1	-0.634491	-0.77293	3.30331	-0.0703021	3.30406
1.1	-0.720794	-0.69315	3.27279	-0.466738	3.30591
1.2	-0.752251	-0.658877	3.22476	-1.08712	3.40307
1.3	-0.73193	-0.68138	3.07235	-1.91728	3.62151
1.4	-0.653399	-0.757014	2.7296	-2.89133	3.97624
1.5	-0.502391	-0.86464	2.12757	-3.87849	4.42372
1.6	-0.269702	-0.962944	1.23651	-4.66852	4.8295
1.7	0.0232039	-0.999731	0.123359	-4.99848	5
1.8	0.312009	-0.950079	-1.0073	-4.72624	4.83239
1.9	0.534935	-0.844893	-1.94344	-3.98459	4.43327
2	0.674839	-0.737965	-2.60259	-3.0311	3.99512
2.1	0.743305	-0.668953	-3.00111	-2.07586	3.64909
2.2	0.754526	-0.65627	-3.20073	-1.25292	3.43721
2.3	0.71349	-0.700666	-3.28592	-0.632163	3.34618
2.4	0.61588	-0.78784	-3.3451	-0.230507	3.35303
2.5	0.456243	-0.889855	-3.44938	-0.0260998	3.44948
2.6	0.240008	-0.970771	-3.63476	0.0222714	3.63483
2.7	-0.00935125	-0.999956	-3.89377	-0.0453472	3.89404
2.8	-0.255864	-0.966713	-4.18241	-0.203669	4.18737
2.9	-0.46587	-0.884853	-4.44136	-0.442714	4.46337
3	-0.620054	-0.784559	-4.61998	-0.759566	4.682
3.1	-0.715208	-0.698912	-4.68956	-1.15114	4.82878
3.2	-0.757203	-0.653179	-4.64067	-1.61167	4.91256
3.3	-0.751359	-0.659893	-4.47087	-2.13137	4.95292
3.4	-0.696332	-0.71772	-4.17431	-2.69349	4.96787
3.5	-0.585002	-0.811032	-3.7393	-3.27079	4.96794
3.6	-0.412667	-0.910882	-3.15351	-3.82426	4.95677
3.7	-0.188464	-0.98208	-2.41297	-4.30647	4.93641
3.8	0.0593417	-0.998238	-1.52975	-4.66904	4.91325
3.9	0.291974	-0.956426	-0.53451	-4.87011	4.89935
4	0.477491	-0.878637	0.524879	-4.87836	4.90651
4.1	0.601856	-0.798605	1.58518	-4.67586	4.93725
4.2	0.666307	-0.745677	2.57131	-4.26291	4.97836
4.3	0.677316	-0.735693	3.40426	-3.66209	4.99999
4.4	0.63895	-0.769248	4.01277	-2.91805	4.96158
4.5	0.552095	-0.833781	4.34861	-2.09335	4.82623
4.6	0.41868	-0.908134	4.40327	-1.25888	4.57969
4.7	0.246224	-0.969213	4.21594	-0.477962	4.24295
4.8	0.0496202	-0.998768	3.86335	0.20767	3.86892
4.9	-0.150109	-0.988669	3.43766	0.779928	3.52502
5	-0.330102	-0.943945	3.02432	1.23501	3.26677
5.1	-0.472058	-0.881567	2.6875	1.57143	3.11321
5.2	-0.56667	-0.823945	2.4664	1.78383	3.04388
5.3	-0.612453	-0.790507	2.37986	1.86393	3.02291
5.4	-0.610676	-0.791881	2.43282	1.80372	3.02853
5.5	-0.561265	-0.827636	2.61973	1.5975	3.06838
5.6	-0.462895	-0.886413	2.92342	1.24264	3.17656
5.7	-0.317056	-0.948407	3.30944	0.739355	3.39102
5.8	-0.132713	-0.991154	3.71811	0.0910606	3.71922
5.9	0.0726676	-0.997356	4.06089	-0.690661	4.11921
6	0.276449	-0.961029	4.22924	-1.57375	4.51256
6.1	0.455624	-0.890172	4.12074	-2.49234	4.81583
6.2	0.591635	-0.806206	3.67953	-3.34882	4.97529
6.3	0.67465	-0.738138	2.9275	-4.04338	4.99192
6.4	0.702986	-0.711204	1.95366	-4.51065	4.91556
6.5	0.676019	-0.736884	0.872412	-4.73206	4.81181
6.6	0.588389	-0.808578	-0.211569	-4.72777	4.7325
6.7	0.433217	-0.90129	-1.22183	-4.54283	4.70427
6.8	0.213697	-0.9769	-2.11451	-4.22951	4.72862
6.9	-0.046377	-0.998924	-2.86986	-3.83228	4.78775
7	-0.305579	-0.952167	-3.48048	-3.38527	4.85529
7.1	-0.523005	-0.85233	-3.94779	-2.91893	4.90971
7.2	-0.67656	-0.736387	-4.28422	-2.46405	4.94227
7.3	-0.765821	-0.643054	-4.51079	-2.04848	4.95414
7.4	-0.800732	-0.599023	-4.64842	-1.69233	4.94689
7.5	-0.788292	-0.615302	-4.70926	-1.40651	4.91481
7.6	-0.725955	-0.687742	-4.69372	-1.1945	4.84333
7.7	-0.604086	-0.796919	-4.59571	-1.05568	4.7154
7.8	-0.416197	-0.909274	-4.41541	-0.988834	4.52478
7.9	-0.171541	-0.985177	-4.17153	-0.996215	4.28883
8	0.0995347	-0.995034	-3.89936	-1.08891	4.04855
8.1	0.354433	-0.935081	-3.62968	-1.29121	3.85251
8.2	0.557077	-0.830461	-3.36103	-1.6357	3.73792
8.3	0.691769	-0.722119	-3.04706	-2.1438	3.72565
8.4	0.761246	-0.648464	-2.61058	-2.80039	3.82849
8.5	0.773214	-0.634145	-1.97759	-3.53812	4.05329
8.6	0.727219	-0.686406	-1.11265	-4.23815	4.38177
8.7	0.610618	-0.791926	-0.0432494	-4.73812	4.73832
8.8	0.410417	-0.911898	1.11797	-4.84882	4.97604
8.9	0.141994	-0.989867	2.16524	-4.44045	4.94022
9	-0.140287	-0.990111	2.90217	-3.58693	4.61396
9.1	-0.381776	-0.924255	3.28429	-2.52424	4.14226
9.2	-0.557635	-0.830086	3.39068	-1.47103	3.69603
9.3	-0.666756	-0.745276	3.32906	-0.56246	3.37624
9.4	-0.717586	-0.69647	3.19512	0.13462	3.19796
9.5	-0.717476	-0.696583	3.06655	0.60001	3.1247
9.6	-0.667255	-0.74483	3.0035	0.844361	3.11993
9.7	-0.562312	-0.826925	3.0473	0.896652	3.17648
9.8	-0.399927	-0.916547	3.21617	0.793378	3.31258
9.9	-0.188772	-0.982021	3.49876	0.567857	3.54454
10	0.047396	-0.998876	3.85028	0.241311	3.85784
10.1	0.276611	-0.960982	4.19924	-0.178074	4.20302
10.2	0.470768	-0.882257	4.46596	-0.686175	4.51837
10.3	0.613767	-0.789487	4.58455	-1.27207	4.75776
10.4	0.702122	-0.712057	4.51721	-1.91418	4.90604
10.5	0.739509	-0.673147	4.25404	-2.58315	4.97689
10.6	0.728941	-0.684577	3.80244	-3.24458	4.99858
10.7	0.667496	-0.744614	3.17771	-3.85891	4.9989
10.8	0.547466	-0.836828	2.40094	-4.38149	4.9962
10.9	0.364794	-0.931088	1.50178	-4.76609	4.9971
11	0.130599	-0.991435	0.521358	-4.9723	4.99956
11.1	-0.124254	-0.99225	-0.488385	-4.97564	4.99955
11.2	-0.35939	-0.933187	-1.47079	-4.77568	4.99704
11.3	-0.543531	-0.839389	-2.3736	-4.39619	4.99605
11.4	-0.66508	-0.746772	-3.15519	-3.87717	4.99876
11.5	-0.727853	-0.685733	-3.78543	-3.26473	4.99879
11.6	-0.739591	-0.673056	-4.24285	-2.60364	4.97803
11.7	-0.703382	-0.710812	-4.51186	-1.9337	4.90878
11.8	-0.616327	-0.78749	-4.58469	-1.28955	4.7626
11.9	-0.474699	-0.880148	-4.47068	-0.70085	4.52528
12	-0.28174	-0.959491	-4.20693	-0.189514	4.2112
12.1	-0.0532149	-0.998583	-3.85883	0.233206	3.86587
12.2	0.183027	-0.983108	-3.50603	0.563124	3.55097
12.3	0.395008	-0.918678	-3.22057	0.792349	3.31661
12.4	0.558671	-0.829389	-3.0481	0.900123	3.17823
12.5	0.664976	-0.746864	-3.00095	0.853449	3.11995
12.6	0.716453	-0.697635	-3.06174	0.615862	3.12306
12.7	0.71776	-0.696291	-3.18994	0.158059	3.19385
12.8	0.668248	-0.743938	-3.3261	-0.531361	3.36828
12.9	0.560721	-0.828005	-3.39319	-1.43349	3.68356
13	0.386703	-0.922204	-3.29603	-2.48345	4.1269
13.1	0.146934	-0.989146	-2.92671	-3.54898	4.60009
13.2	-0.134589	-0.990901	-2.20353	-4.41427	4.9337
13.3	-0.403963	-0.914775	-1.16509	-4.84169	4.9799
13.4	-0.606263	-0.795264	-0.0040144	-4.74967	4.74967
13.5	-0.724941	-0.688811	1.07181	-4.26256	4.39525
13.6	-0.772578	-0.63492	1.94615	-3.56895	4.06508
13.7	-0.762032	-0.64754	2.58871	-2.83216	3.83699
13.8	-0.694072	-0.719906	3.03283	-2.17256	3.73069
13.9	-0.561067	-0.827771	3.35153	-1.65938	3.73983
14	-0.359982	-0.932959	3.62226	-1.30943	3.85167
14.1	-0.105981	-0.994368	3.89257	-1.10221	4.04561
14.2	0.165235	-0.986254	4.16519	-1.00529	4.28479
14.3	0.410975	-0.911647	4.41013	-0.994063	4.52077
14.4	0.600421	-0.799684	4.59213	-1.05716	4.71224
14.5	0.723826	-0.689982	4.69217	-1.1922	4.84126
14.6	0.787449	-0.61638	4.70986	-1.4004	4.91364
14.7	0.800997	-0.598669	4.65136	-1.68249	4.94631
14.8	0.76725	-0.641349	4.51654	-2.03519	4.9539
14.9	0.679394	-0.733774	4.29351	-2.44789	4.9423
15	0.527417	-0.849606	3.96146	-2.90079	4.90996
15.1	0.311339	-0.950299	3.49923	-3.36636	4.85561
15.2	0.0527046	-0.99861	2.89407	-3.81404	4.78775
15.3	-0.207858	-0.978159	2.14417	-4.21358	4.72776
15.4	-0.428688	-0.903453	1.25647	-4.53116	4.70214
15.5	-0.58547	-0.810694	0.249913	-4.72249	4.7291
15.6	-0.674607	-0.738177	-0.832763	-4.73505	4.80772
15.7	-0.702879	-0.71131	-1.91611	-4.52288	4.91202
15.8	-0.675745	-0.737135	-2.89592	-4.06442	4.99058
15.9	-0.593891	-0.804546	-3.65728	-3.37663	4.97769
16	-0.458898	-0.888489	-4.10946	-2.52353	4.82244
16.1	-0.28043	-0.959875	-4.22812	-1.60467	4.52238
16.2	-0.0769466	-0.997035	-4.06724	-0.718596	4.13024
16.3	0.128571	-0.9917	-3.72865	0.0674898	3.72926
16.4	0.31345	-0.949605	-3.3212	0.720528	3.39846
16.5	0.460109	-0.887863	-2.93418	1.22846	3.18096
16.6	0.55942	-0.828884	-2.62805	1.58773	3.07043
16.7	0.60978	-0.79257	-2.43788	1.79814	3.02928
16.8	0.612501	-0.79047	-2.38126	1.86234	3.02303
16.9	0.567699	-0.823236	-2.46404	1.78608	3.04329
17	0.474112	-0.880464	-2.68161	1.57746	3.11118
17.1	0.333132	-0.94288	-3.01556	1.24487	3.26241
17.2	0.153886	-0.988089	-3.4273	0.793788	3.51803
17.3	-0.045484	-0.998965	-3.85338	0.22575	3.85999
17.4	-0.242165	-0.970235	-4.20894	-0.455723	4.23354
17.5	-0.41508	-0.909785	-4.40198	-1.23323	4.57147
17.6	-0.549229	-0.835672	-4.35532	-2.06597	4.82049
17.7	-0.636976	-0.770883	-4.02864	-2.89141	4.95885
17.8	-0.676316	-0.736611	-3.42891	-3.63889	4.9999
17.9	-0.666388	-0.745605	-2.60305	-4.24551	4.97998
18	-0.603217	-0.797577	-1.6214	-4.66582	4.93952
18.1	-0.480364	-0.877069	-0.562636	-4.87622	4.90857
18.2	-0.296395	-0.955066	0.497993	-4.87539	4.90076
18.3	-0.0649145	-0.997891	1.4967	-4.68046	4.91395
18.4	0.182555	-0.983196	2.38489	-4.32232	4.93661
18.5	0.40732	-0.913286	3.13114	-3.84259	4.95676
18.6	0.580796	-0.814049	3.72266	-3.28967	4.96791
18.7	0.693411	-0.720542	4.16285	-2.71126	4.96793
18.8	0.749613	-0.661876	4.46378	-2.14678	4.95318
18.9	0.756524	-0.653965	4.63715	-1.62389	4.91326
19	0.715653	-0.698456	4.68897	-1.15969	4.83025
19.1	0.621837	-0.783147	4.62179	-0.764222	4.68455
19.2	0.469185	-0.8831	4.44495	-0.44342	4.46701
19.3	0.26064	-0.965436	4.18681	-0.200443	4.1916
19.4	0.0150858	-0.999886	3.89773	-0.0380982	3.89792
19.5	-0.23416	-0.972198	3.63721	0.0340392	3.63737
19.6	-0.451122	-0.892462	3.45004	-0.00873705	3.45005
19.7	-0.61198	-0.790873	3.34505	-0.206118	3.35139
19.8	-0.710901	-0.703292	3.28776	-0.599622	3.34199
19.9	-0.753159	-0.657838	3.20823	-1.21226	3.42963
20	-0.743179	-0.669093	3.01851	-2.02913	3.63714
20.1	-0.676259	-0.736664	2.63351	-2.98286	3.97905
20.2	-0.538441	-0.842663	1.98974	-3.94239	4.41605
20.3	-0.317887	-0.948129	1.06733	-4.70062	4.82027
20.4	-0.030521	-0.999534	-0.0575774	-4.99944	4.99977
20.5	0.262975	-0.964803	-1.17722	-4.69654	4.84183
20.6	0.497547	-0.867437	-2.08281	-3.92387	4.44239
20.7	0.650462	-0.759539	-2.70088	-2.94323	3.99467
20.8	0.730474	-0.682941	-3.05755	-1.96781	3.63605
20.9	0.751936	-0.659236	-3.2201	-1.13136	3.41307
21	0.721524	-0.69239	-3.27396	-0.502333	3.31227
21.1	0.636353	-0.771398	-3.30636	-0.0968642	3.30778
21.2	0.490507	-0.871437	-3.38807	0.10665	3.38975
21.3	0.286458	-0.958093	-3.55721	0.14924	3.56034
21.4	0.0437274	-0.999044	-3.81025	0.071857	3.81093
21.5	-0.203895	-0.978993	-4.10581	-0.0986338	4.107
21.6	-0.421763	-0.906706	-4.38301	-0.351266	4.39706
21.7	-0.587417	-0.809284	-4.58542	-0.682948	4.636
21.8	-0.694476	-0.719516	-4.67725	-1.09033	4.80266
21.9	-0.747286	-0.664502	-4.64419	-1.56679	4.90136
22	-0.751653	-0.659559	-4.48268	-2.10158	4.95087
22.1	-0.707765	-0.706447	-4.18844	-2.67746	4.9711
22.2	-0.609433	-0.792838	-3.75233	-3.26714	4.97536
22.3	-0.450691	-0.89268	-3.16424	-3.8315	4.96918
22.4	-0.236935	-0.971526	-2.42153	-4.32228	4.95438
22.5	0.00769943	-0.99997	-1.53722	-4.68958	4.9351
22.6	0.245741	-0.969336	-0.543184	-4.89076	4.92084
22.7	0.442743	-0.896649	0.511621	-4.89606	4.92271
22.8	0.580678	-0.814133	1.56461	-4.69123	4.94526
22.9	0.658189	-0.752853	2.54395	-4.28044	4.97935
23	0.681398	-0.731913	3.37568	-3.68841	4.99995
23.1	0.655179	-0.755474	3.9934	-2.95917	4.97031
23.2	0.580683	-0.81413	4.35041	-2.15172	4.85345
23.3	0.458656	-0.888614	4.43398	-1.33227	4.6298
23.4	0.294397	-0.955683	4.27491	-0.561296	4.3116
23.5	0.100663	-0.994921	3.94227	0.119548	3.94408
23.6	-0.102568	-0.994726	3.52478	0.691199	3.59191
23.7	-0.29174	-0.956498	3.10897	1.14949	3.31467
23.8	-0.446263	-0.894902	2.76274	1.49305	3.14037
23.9	-0.554248	-0.832352	2.52901	1.71589	3.05617
24	-0.61279	-0.790246	2.42879	1.80759	3.02761
24.1	-0.623191	-0.78207	2.46763	1.75699	3.02923
24.2	-0.585953	-0.810345	2.63981	1.55492	3.06372
24.3	-0.499593	-0.86626	2.92795	1.19577	3.16271
24.4	-0.363951	-0.931418	3.29791	0.678162	3.36692
24.5	-0.185271	-0.982688	3.69057	0.0061653	3.69058
24.6	0.0212818	-0.999774	4.01656	-0.805393	4.09651
24.7	0.2335	-0.972357	4.16333	-1.7183	4.50398
24.8	0.426368	-0.90455	4.02223	-2.65663	4.82037
24.9	0.57752	-0.816377	3.53479	-3.5098	4.98131
25	0.673796	-0.738918	2.73098	-4.16937	4.98416
25.1	0.712846	-0.701321	1.7154	-4.57364	4.88475
25.2	0.695456	-0.718568	0.615058	-4.71776	4.75768
25.3	0.617471	-0.786593	-0.46131	-4.63838	4.66126
25.4	0.471342	-0.881951	-1.44143	-4.39497	4.62531
25.5	0.257562	-0.966262	-2.29121	-4.04908	4.65239
25.6	-0.00309803	-0.999995	-3.00165	-3.64739	4.7237
25.7	-0.269911	-0.962885	-3.57246	-3.21969	4.80925
25.8	-0.499308	-0.866425	-4.00701	-2.78893	4.88203
25.9	-0.665152	-0.746708	-4.31691	-2.37908	4.92907
26	-0.764549	-0.644566	-4.5229	-2.01378	4.95096
26.1	-0.807564	-0.58978	-4.64713	-1.71126	4.9522
26.2	-0.802869	-0.596156	-4.70363	-1.48164	4.93147
26.3	-0.749457	-0.662053	-4.69369	-1.32768	4.87785
26.4	-0.63764	-0.770334	-4.60908	-1.24746	4.77491
26.5	-0.458687	-0.888598	-4.4434	-1.23794	4.61263
26.6	-0.21846	-0.975846	-4.20535	-1.29948	4.40154
26.7	0.0549004	-0.998492	-3.92052	-1.44125	4.17704
26.8	0.318101	-0.948057	-3.61348	-1.68472	3.98692
26.9	0.531858	-0.846834	-3.28063	-2.05717	3.87227
27	0.676999	-0.735984	-2.87712	-2.57125	3.85865
27.1	0.754579	-0.65621	-2.3322	-3.20018	3.95984
27.2	0.77274	-0.634723	-1.5855	-3.86562	4.17814
27.3	0.732596	-0.680664	-0.622797	-4.44403	4.48746
27.4	0.62321	-0.782054	0.501673	-4.78021	4.80646
27.5	0.432855	-0.901464	1.64886	-4.71215	4.9923
27.6	0.175974	-0.984395	2.60816	-4.16	4.91
27.7	-0.0981836	-0.995168	3.21661	-3.23395	4.56125
27.8	-0.339219	-0.940708	3.46995	-2.16146	4.08809
27.9	-0.521183	-0.853445	3.46893	-1.13458	3.64976
28	-0.639355	-0.768912	3.32901	-0.266806	3.33968
28.1	-0.69953	-0.714603	3.14534	0.388558	3.16925
28.2	-0.708496	-0.705715	2.98991	0.81804	3.09979
28.3	-0.667973	-0.744185	2.91517	1.03376	3.09304
28.4	-0.574292	-0.818651	2.95565	1.06272	3.14089
28.5	-0.424289	-0.905527	3.12556	0.937986	3.26328
28.6	-0.224306	-0.974519	3.41297	0.689884	3.482
28.7	0.00498089	-0.999988	3.77457	0.337995	3.78967
28.8	0.233458	-0.972367	4.13941	-0.110089	4.14088
28.9	0.432642	-0.901566	4.42474	-0.650233	4.47226
29	0.584301	-0.811537	4.55791	-1.27028	4.73161
29.1	0.682416	-0.730964	4.49364	-1.94527	4.89662
29.2	0.729147	-0.684357	4.21806	-2.64076	4.97651
29.3	0.727595	-0.686007	3.74006	-3.31756	4.99942
29.4	0.675834	-0.737054	3.08082	-3.93331	4.99624
29.5	0.566612	-0.823984	2.26937	-4.44346	4.98943
29.6	0.394462	-0.918912	1.34311	-4.80479	4.98899
29.7	0.167215	-0.98592	0.348845	-4.98179	4.99399
29.8	-0.0873465	-0.996178	-0.65894	-4.95513	4.99875
29.9	-0.329063	-0.944308	-1.62409	-4.72887	4.99999
30	-0.523752	-0.851871	-2.49764	-4.33092	4.99951
30.1	-0.656321	-0.754482	-3.24383	-3.80486	4.99994
30.2	-0.728848	-0.684676	-3.83999	-3.19879	4.99778
30.3	-0.749368	-0.662154	-4.27205	-2.55707	4.97886
30.4	-0.722058	-0.691833	-4.5299	-1.91672	4.91872
30.5	-0.644399	-0.76469	-4.60734	-1.30795	4.78939
30.6	-0.511455	-0.85931	-4.51011	-0.755673	4.57298
30.7	-0.324027	-0.946048	-4.26795	-0.278613	4.27703
30.8	-0.0955642	-0.995423	-3.93892	0.113013	3.94054
30.9	0.146812	-0.989164	-3.59876	0.414641	3.62257
31	0.369571	-0.929203	-3.31933	0.617405	3.37626
31.1	0.545589	-0.838053	-3.14739	0.698787	3.22403
31.2	0.663221	-0.748424	-3.09432	0.623028	3.15642
31.3	0.724259	-0.689528	-3.13805	0.350925	3.15761
31.4	0.734207	-0.678925	-3.23032	-0.14743	3.23369
31.5	0.693466	-0.72049	-3.30336	-0.879749	3.4185
31.6	0.594587	-0.804031	-3.27488	-1.81756	3.74545
31.7	0.42673	-0.904379	-3.05154	-2.87964	4.19574
31.8	0.187095	-0.982342	-2.53836	-3.91012	4.66179
31.9	-0.10142	-0.994844	-1.6843	-4.66833	4.96288
32	-0.380766	-0.924671	-0.575918	-4.91991	4.9535
32.1	-0.591727	-0.806138	0.567193	-4.63457	4.66915
32.2	-0.717279	-0.696786	1.55637	-3.98776	4.28072
32.3	-0.770854	-0.637012	2.31006	-3.18809	3.93704
32.4	-0.766612	-0.642111	2.82689	-2.39903	3.70765
32.5	-0.706826	-0.707388	3.16	-1.73095	3.60302
32.6	-0.584516	-0.811382	3.39255	-1.23906	3.61175
32.7	-0.39525	-0.918574	3.60474	-0.927752	3.72221
32.8	-0.150769	-0.988569	3.84317	-0.768433	3.91924
32.9	0.116744	-0.993162	4.10771	-0.724515	4.17112
33	0.365823	-0.930684	4.36258	-0.769662	4.42995
33.1	0.563848	-0.825879	4.56331	-0.891597	4.64959
33.2	0.697691	-0.716399	4.68051	-1.0867	4.80501
33.3	0.770992	-0.636845	4.70611	-1.35438	4.89712
33.4	0.792975	-0.609254	4.64319	-1.69363	4.94242
33.5	0.767739	-0.640762	4.49216	-2.09977	4.95868
33.6	0.690203	-0.723616	4.24334	-2.5608	4.95617
33.7	0.550747	-0.834673	3.87817	-3.05464	4.9367
33.8	0.34718	-0.937799	3.37687	-3.5495	4.8992
33.9	0.0969146	-0.995293	2.72781	-4.00832	4.84847
34	-0.16258	-0.986695	1.93268	-4.39402	4.80028
34.1	-0.389383	-0.921076	1.00624	-4.66971	4.77689
34.2	-0.556161	-0.831074	-0.0221127	-4.79526	4.79531
34.3	-0.656295	-0.754504	-1.10143	-4.72966	4.85621
34.4	-0.695532	-0.718495	-2.15482	-4.4428	4.93779
34.5	-0.680252	-0.732978	-3.0853	-3.92919	4.99576
34.6	-0.612342	-0.790593	-3.79245	-3.21689	4.97303
34.7	-0.492687	-0.870206	-4.20069	-2.37045	4.82336
34.8	-0.327767	-0.944759	-4.29189	-1.47932	4.53968
34.9	-0.132286	-0.991212	-4.11586	-0.629124	4.16367
35	0.0729085	-0.997339	-3.76717	0.122396	3.76916
35.1	0.264834	-0.964294	-3.35026	0.747759	3.43269
35.2	0.423533	-0.905881	-2.95361	1.23769	3.20245
35.3	0.536843	-0.843682	-2.63853	1.58881	3.07996
35.4	0.601145	-0.79914	-2.44058	1.79854	3.03169
35.5	0.617394	-0.786654	-2.377	1.86544	3.02159
35.6	0.586276	-0.810111	-2.45293	1.79051	3.0369
35.7	0.506651	-0.862151	-2.66337	1.57731	3.09539
35.8	0.378499	-0.925602	-2.99041	1.23088	3.23383
35.9	0.20812	-0.978103	-3.39667	0.755522	3.47969
36	0.0108994	-0.999941	-3.81905	0.153955	3.82215
36.1	-0.191347	-0.981522	-4.16982	-0.567044	4.20819
36.2	-0.376198	-0.926539	-4.34991	-1.38441	4.5649
36.3	-0.525597	-0.850734	-4.27358	-2.2481	4.82881
36.4	-0.628607	-0.777723	-3.89706	-3.08363	4.96949
36.5	-0.681408	-0.731904	-3.23457	-3.81109	4.99868
36.6	-0.683328	-0.730112	-2.34859	-4.36699	4.95848
36.7	-0.631245	-0.775584	-1.32546	-4.71488	4.89765
36.8	-0.518356	-0.855165	-0.253711	-4.8464	4.85304
36.9	-0.340862	-0.940113	0.79029	-4.77684	4.84178
37	-0.109214	-0.994018	1.74935	-4.53602	4.86165
37.1	0.146304	-0.98924	2.58498	-4.15987	4.89761
37.2	0.384622	-0.923074	3.27509	-3.68807	4.93235
37.3	0.572689	-0.819773	3.8139	-3.16381	4.95536
37.4	0.697643	-0.716446	4.21045	-2.62961	4.96414
37.5	0.763462	-0.645853	4.48164	-2.1207	4.95807
37.6	0.778752	-0.627332	4.64282	-1.66125	4.93108
37.7	0.746573	-0.665303	4.70136	-1.265	4.86858
37.8	0.661796	-0.749684	4.65733	-0.938582	4.75097
37.9	0.516482	-0.856298	4.51282	-0.685181	4.56454
38	0.310417	-0.950601	4.28573	-0.506924	4.31561
38.1	0.0603257	-0.998179	4.01652	-0.407788	4.03716
38.2	-0.199928	-0.979811	3.75781	-0.399857	3.77902
38.3	-0.431148	-0.902281	3.54958	-0.510069	3.58604
38.4	-0.605571	-0.795791	3.39439	-0.77783	3.48237
38.5	-0.715079	-0.699044	3.24836	-1.2386	3.47649
38.6	-0.765061	-0.643957	3.03248	-1.9004	3.57875
38.7	-0.761269	-0.648436	2.65778	-2.72451	3.80615
38.8	-0.699728	-0.714409	2.05384	-3.61576	4.15837
38.9	-0.565579	-0.824694	1.19172	-4.41801	4.57591
39	-0.345865	-0.938284	0.110371	-4.91218	4.91342
39.1	-0.0587666	-0.998272	-1.03886	-4.87634	4.98577
39.2	0.233192	-0.972431	-2.02405	-4.27468	4.72966
39.3	0.468975	-0.883211	-2.70392	-3.31893	4.28094
39.4	0.627545	-0.778581	-3.0846	-2.26853	3.82897
39.5	0.715467	-0.698646	-3.23841	-1.3043	3.49121
39.6	0.745534	-0.666468	-3.25205	-0.527529	3.29456
39.7	0.724777	-0.688984	-3.21193	0.0197651	3.21199
39.8	0.651386	-0.758746	-3.19513	0.338653	3.21303
39.9	0.519382	-0.854542	-3.25908	0.458162	3.29113
40	0.328841	-0.944385	-3.43137	0.419732	3.45695
40.1	0.0952743	-0.995451	-3.70204	0.26169	3.71128
40.2	-0.150691	-0.988581	-4.02453	0.00809955	4.02454
40.3	-0.374682	-0.927153	-4.3301	-0.331605	4.34278
40.4	-0.551678	-0.834057	-4.55087	-0.753472	4.61282
40.5	-0.671729	-0.740797	-4.63917	-1.25009	4.80465
40.6	-0.736816	-0.676093	-4.5733	-1.80808	4.91775
40.7	-0.752587	-0.658493	-4.34925	-2.40892	4.97181
40.8	-0.7205	-0.693455	-3.96862	-3.02792	4.99182
40.9	-0.635176	-0.772367	-3.43262	-3.63145	4.99702
41	-0.489173	-0.872187	-2.74441	-4.1758	4.99691
41.1	-0.283766	-0.958893	-1.91598	-4.61072	4.99297
41.2	-0.0386807	-0.999252	-0.974561	-4.88823	4.98443
41.3	0.209609	-0.977785	0.0359777	-4.97402	4.97415
41.4	0.42321	-0.906032	1.06014	-4.855	4.96939
41.5	0.579196	-0.815189	2.03842	-4.53952	4.97619
41.6	0.673383	-0.739294	2.91336	-4.05328	4.99167
41.7	0.711957	-0.702224	3.63351	-3.43435	4.99972
41.8	0.700988	-0.713173	4.15633	-2.72827	4.97177
41.9	0.641493	-0.767129	4.45193	-1.98392	4.87397
42	0.531432	-0.847101	4.51106	-1.25027	4.68112
42.1	0.371725	-0.928343	4.35573	-0.570942	4.39299
42.2	0.171801	-0.985132	4.04251	0.0236492	4.04258
42.3	-0.048473	-0.998824	3.65207	0.519721	3.68887
42.4	-0.261984	-0.965072	3.26926	0.913833	3.39458
42.5	-0.442574	-0.896732	2.96328	1.20092	3.19738
42.6	-0.573868	-0.818948	2.77639	1.3664	3.09442
42.7	-0.651679	-0.758495	2.72402	1.38735	3.05696
42.8	-0.678655	-0.734457	2.80092	1.2385	3.06252
42.9	-0.656852	-0.754019	2.986	0.898147	3.11815
43	-0.584074	-0.811701	3.24247	0.353438	3.26168
43.1	-0.455912	-0.890025	3.51311	-0.393206	3.53505
43.2	-0.27185	-0.96234	3.71259	-1.31483	3.93854
43.3	-0.0417857	-0.999127	3.72506	-2.34483	4.40162
43.4	0.209526	-0.977803	3.42493	-3.35712	4.79588
43.5	0.442869	-0.896586	2.74223	-4.16965	4.99057
43.6	0.619218	-0.785219	1.7418	-4.62447	4.94161
43.7	0.72269	-0.691172	0.599142	-4.68926	4.72738
43.8	0.759434	-0.650584	-0.512558	-4.44295	4.47242
43.9	0.736862	-0.676044	-1.48299	-4.00354	4.26938
44	0.652196	-0.75805	-2.27049	-3.48897	4.16269
44.1	0.497199	-0.867637	-2.89073	-2.99411	4.16186
44.2	0.272762	-0.962081	-3.38868	-2.57263	4.25459
44.3	0.00175493	-0.999998	-3.80229	-2.23662	4.41134
44.4	-0.273012	-0.962011	-4.14246	-1.9756	4.58944
44.5	-0.507351	-0.861739	-4.40092	-1.7783	4.74663
44.6	-0.675657	-0.737216	-4.57182	-1.6427	4.85798
44.7	-0.776005	-0.630727	-4.66311	-1.57435	4.9217
44.8	-0.819527	-0.573041	-4.69057	-1.58053	4.9497
44.9	-0.815649	-0.578547	-4.66515	-1.66544	4.95352
45	-0.76336	-0.645974	-4.58481	-1.8277	4.93569
45.1	-0.652032	-0.758191	-4.43441	-2.05959	4.88936
45.2	-0.471677	-0.881772	-4.19306	-2.3485	4.80596
45.3	-0.228219	-0.97361	-3.84529	-2.68148	4.68792
45.4	0.047812	-0.998856	-3.38584	-3.05069	4.55748
45.5	0.310292	-0.950641	-2.81117	-3.45194	4.4518
45.6	0.519397	-0.854533	-2.10726	-3.87127	4.40763
45.7	0.657443	-0.753504	-1.25435	-4.26706	4.4476
45.8	0.726622	-0.687037	-0.251704	-4.56555	4.57249
45.9	0.734854	-0.678226	0.856502	-4.67638	4.75416
46	0.683838	-0.729634	1.9714	-4.51674	4.92822
46.1	0.569073	-0.822287	2.94772	-4.03819	4.9996
46.2	0.392555	-0.919729	3.63323	-3.26452	4.88441
46.3	0.173901	-0.984763	3.94839	-2.30887	4.57391
46.4	-0.0557361	-0.998446	3.93135	-1.3196	4.14691
46.5	-0.266849	-0.963738	3.69485	-0.411546	3.7177
46.6	-0.438366	-0.898797	3.36139	0.350961	3.37966
46.7	-0.559581	-0.828776	3.02839	0.939398	3.17075
46.8	-0.628797	-0.777569	2.76121	1.3456	3.07163
46.9	-0.648503	-0.761212	2.59952	1.57339	3.03859
47	-0.620043	-0.784568	2.56562	1.63443	3.042
47.1	-0.541801	-0.840507	2.6689	1.54517	3.08392
47.2	-0.412493	-0.910961	2.90507	1.32371	3.19244
47.3	-0.237527	-0.971381	3.25114	0.985445	3.39721
47.4	-0.0330845	-0.999453	3.6594	0.538592	3.69882
47.5	0.176605	-0.984282	4.05737	-0.0149267	4.0574
47.6	0.366953	-0.930239	4.35851	-0.670474	4.40978
47.7	0.519727	-0.854332	4.48109	-1.40895	4.69737
47.8	0.625588	-0.780153	4.36829	-2.19159	4.88724
47.9	0.682562	-0.730828	4.00033	-2.96519	4.97946
48	0.691376	-0.722495	3.39286	-3.67241	4.99981
48.1	0.650214	-0.759751	2.58644	-4.2599	4.98361
48.2	0.55311	-0.833108	1.6367	-4.68354	4.96128
48.3	0.394931	-0.918711	0.607298	-4.91307	4.95046
48.4	0.181383	-0.983413	-0.436267	-4.93544	4.95468
48.5	-0.0636743	-0.997971	-1.43255	-4.75645	4.9675
48.6	-0.302904	-0.953021	-2.33005	-4.40131	4.98002
48.7	-0.501561	-0.865122	-3.09311	-3.91207	4.98714
48.8	-0.641552	-0.76708	-3.70453	-3.33966	4.98767
48.9	-0.722225	-0.691658	-4.16192	-2.73336	4.97923
49	-0.750692	-0.660652	-4.46977	-2.13322	4.95272
49.1	-0.731594	-0.68174	-4.63216	-1.56806	4.89037
49.2	-0.662852	-0.74875	-4.65092	-1.05749	4.76963
49.3	-0.538652	-0.842529	-4.53218	-0.615093	4.57373
49.4	-0.357473	-0.933923	-4.29852	-0.24973	4.30577
49.5	-0.130347	-0.991468	-3.99658	0.0343253	3.99673
49.6	0.116424	-0.9932	-3.69083	0.233512	3.69821
49.7	0.347879	-0.93754	-3.44407	0.335695	3.46039
49.8	0.534093	-0.845426	-3.2946	0.312631	3.3094
49.9	0.660982	-0.750402	-3.24247	0.123135	3.24481
50	0.729441	-0.684043	-3.2494	-0.273207	3.26087
50.1	0.745358	-0.666664	-3.24791	-0.898643	3.36994
50.2	0.709518	-0.704688	-3.15402	-1.74059	3.60243
50.3	0.61346	-0.789725	-2.88078	-2.73659	3.97339
50.4	0.443611	-0.896219	-2.35047	-3.75858	4.43302
50.5	0.195731	-0.980658	-1.5169	-4.59547	4.83936
50.6	-0.100951	-0.994891	-0.42982	-4.98135	4.99986
50.7	-0.379223	-0.925305	0.714849	-4.77277	4.82601
50.8	-0.583714	-0.81196	1.70019	-4.09582	4.43469
50.9	-0.704861	-0.709345	2.42769	-3.19674	4.01408
51	-0.757146	-0.653246	2.89716	-2.27991	3.68667
51.1	-0.753612	-0.65732	3.16081	-1.48029	3.49027
51.2	-0.696491	-0.717565	3.30056	-0.871167	3.41359
51.3	-0.579807	-0.814754	3.40548	-0.471955	3.43802
51.4	-0.39977	-0.916615	3.54627	-0.261784	3.55591
51.5	-0.166992	-0.985958	3.7551	-0.200327	3.76044
51.6	0.0893809	-0.995998	4.01912	-0.24956	4.02686
51.7	0.331236	-0.943548	4.29225	-0.38647	4.30962
51.8	0.527505	-0.849552	4.51985	-0.602132	4.55978
51.9	0.663982	-0.747749	4.66132	-0.893769	4.74623
52	0.741793	-0.670629	4.6983	-1.25887	4.86403
52.1	0.768245	-0.640156	4.62722	-1.69292	4.92718
52.2	0.747246	-0.664548	4.44609	-2.18723	4.95497
52.3	0.67504	-0.737781	4.14623	-2.72544	4.96179
52.4	0.543693	-0.839284	3.7125	-3.28032	4.95411
52.5	0.351387	-0.93623	3.1301	-3.81351	4.9336
52.6	0.113473	-0.993541	2.39386	-4.27985	4.90384
52.7	-0.136196	-0.990682	1.51465	-4.63413	4.87538
52.8	-0.358351	-0.933587	0.520709	-4.8358	4.86375
52.9	-0.525752	-0.850638	-0.542291	-4.8506	4.88082
53	-0.630072	-0.776537	-1.61046	-4.65453	4.92527
53.1	-0.675516	-0.737345	-2.60403	-4.24175	4.97729
53.2	-0.668356	-0.743842	-3.43648	-3.63131	4.99958
53.3	-0.61141	-0.791314	-4.0296	-2.8688	4.94649
53.4	-0.505715	-0.8627	-4.33393	-2.02235	4.78256
53.5	-0.35562	-0.934631	-4.3487	-1.16974	4.50328
53.6	-0.172174	-0.985067	-4.12583	-0.377949	4.14311
53.7	0.0268363	-0.99964	-3.75221	0.311401	3.76511
53.8	0.219464	-0.975621	-3.32343	0.881236	3.43828
53.9	0.384569	-0.923096	-2.92208	1.32769	3.20957
54	0.507525	-0.861637	-2.60653	1.64887	3.08428
54.1	0.582495	-0.812835	-2.41081	1.84049	3.03305
54.2	0.609495	-0.79279	-2.35077	1.89735	3.02093
54.3	0.589431	-0.807818	-2.43009	1.81563	3.03346
54.4	0.521581	-0.853202	-2.64244	1.59403	3.08601
54.5	0.405435	-0.914124	-2.96914	1.23349	3.21516
54.6	0.245426	-0.969415	-3.37284	0.735914	3.45219
54.7	0.0543832	-0.99852	-3.79065	0.10406	3.79208
54.8	-0.147692	-0.989033	-4.13354	-0.652819	4.18477
54.9	-0.338426	-0.940993	-4.29824	-1.50658	4.55463
55	-0.497924	-0.867221	-4.1931	-2.39877	4.83076
55.1	-0.612386	-0.790559	-3.77172	-3.24384	4.97478
55.2	-0.675769	-0.737113	-3.05427	-3.95312	4.99557
55.3	-0.686961	-0.726695	-2.11648	-4.46253	4.939
55.4	-0.643577	-0.765381	-1.0581	-4.74384	4.86042
55.5	-0.53919	-0.842184	0.0244034	-4.80228	4.80234
55.6	-0.368934	-0.929456	1.05431	-4.66769	4.78528
55.7	-0.140971	-0.990014	1.98045	-4.38111	4.80795
55.8	0.116267	-0.993218	2.77312	-3.98339	4.85362
55.9	0.361317	-0.932443	3.41777	-3.51277	4.90109
56	0.558522	-0.82949	3.91348	-3.00762	4.9357
56.1	0.692232	-0.721675	4.27249	-2.50543	4.95291
56.2	0.765254	-0.643728	4.51453	-2.03762	4.95307
56.3	0.786725	-0.617304	4.65754	-1.62566	4.9331
56.4	0.760872	-0.648902	4.7106	-1.2811	4.88169
56.5	0.683143	-0.730285	4.67345	-1.00853	4.78103
56.6	0.544771	-0.838585	4.54466	-0.809105	4.61612
56.7	0.343469	-0.939164	4.3353	-0.683609	4.38886
56.8	0.0938871	-0.995583	4.07767	-0.635807	4.12695
56.9	-0.170703	-0.985323	3.8175	-0.678352	3.8773
57	-0.409649	-0.912243	3.58967	-0.838281	3.68625
57.1	-0.592579	-0.805512	3.39231	-1.1529	3.58287
57.2	-0.709278	-0.704928	3.17714	-1.65136	3.58067
57.3	-0.764543	-0.644573	2.86306	-2.32994	3.69131
57.4	-0.764685	-0.644405	2.36592	-3.13424	3.92697
57.5	-0.706466	-0.707747	1.6305	-3.95407	4.27705
57.6	-0.575351	-0.817907	0.654567	-4.62413	4.67022
57.7	-0.358979	-0.933345	-0.484278	-4.93138	4.9551
57.8	-0.077012	-0.99703	-1.59915	-4.6961	4.96091
57.9	0.209573	-0.977793	-2.4691	-3.94844	4.65689
58	0.443914	-0.896069	-3.00377	-2.92424	4.19211
58.1	0.605395	-0.795925	-3.24906	-1.86513	3.74634
58.2	0.698303	-0.715803	-3.29606	-0.928046	3.42422
58.3	0.733758	-0.679411	-3.23684	-0.195298	3.24272
58.4	0.71865	-0.695372	-3.15444	0.304215	3.16908
58.5	0.651929	-0.75828	-3.11804	0.578621	3.17128
58.6	0.52813	-0.849163	-3.17674	0.658783	3.24433
58.7	0.346611	-0.938009	-3.35221	0.584736	3.40282
58.8	0.12083	-0.992673	-3.63173	0.392357	3.65286
58.9	-0.120831	-0.992673	-3.96767	0.103601	3.96902
59	-0.345025	-0.938594	-4.28932	-0.273376	4.29803
59.1	-0.526043	-0.850458	-4.52437	-0.734766	4.58365
59.2	-0.652147	-0.758093	-4.61904	-1.27163	4.79089
59.3	-0.723613	-0.690206	-4.5465	-1.86729	4.91502
59.4	-0.745423	-0.666592	-4.30102	-2.499	4.97431
59.5	-0.719463	-0.69453	-3.88632	-3.1381	4.99511
59.6	-0.641098	-0.767459	-3.3087	-3.74805	4.99953
59.7	-0.502839	-0.86438	-2.57817	-4.28388	4.99986
59.8	-0.304404	-0.952543	-1.71405	-4.69592	4.99897
59.9	-0.0629822	-0.998015	-0.750042	-4.93857	4.9952
60	0.186608	-0.982434	0.265421	-4.98166	4.98872
60.1	0.405819	-0.913954	1.27513	-4.81835	4.98422
60.2	0.569451	-0.822026	2.22172	-4.46483	4.98706
60.3	0.671336	-0.741153	3.05397	-3.95411	4.99617
60.4	0.71705	-0.697022	3.72941	-3.3287	4.99887
60.5	0.713101	-0.701061	4.21481	-2.63446	4.97041
60.6	0.660922	-0.750455	4.48713	-1.91672	4.87935
60.7	0.557918	-0.829896	4.53901	-1.21835	4.69968
60.8	0.40336	-0.915041	4.38903	-0.576736	4.42676
60.9	0.204785	-0.978807	4.08768	-0.0179933	4.08772
61	-0.0189439	-0.999821	3.71061	0.446015	3.73732
61.1	-0.240126	-0.970742	3.3406	0.812067	3.43789
61.2	-0.430601	-0.902542	3.04697	1.07395	3.23069
61.3	-0.571731	-0.820441	2.87204	1.21437	3.11822
61.4	-0.658122	-0.752911	2.82927	1.2062	3.07566
61.5	-0.692583	-0.721338	2.90868	1.01962	3.08221
61.6	-0.677936	-0.735121	3.08211	0.629438	3.14573
61.7	-0.612196	-0.790706	3.3043	0.0223705	3.30437
61.8	-0.489696	-0.871893	3.50955	-0.794194	3.59829
61.9	-0.307148	-0.951662	3.60613	-1.78005	4.02154
62	-0.0717115	-0.997425	3.47654	-2.84402	4.49163
62.1	0.191366	-0.981519	3.00549	-3.82418	4.86388
62.2	0.437154	-0.899387	2.15956	-4.50955	4.99998
62.3	0.620971	-0.783833	1.05876	-4.7598	4.87614
62.4	0.727366	-0.68625	-0.0942774	-4.60095	4.60192
62.5	0.765458	-0.643486	-1.13917	-4.16093	4.31405
62.6	0.744553	-0.667563	-1.99452	-3.5826	4.10039
62.7	0.662759	-0.748833	-2.64992	-2.99074	3.99582
62.8	0.512038	-0.858963	-3.14763	-2.47353	4.00324
62.9	0.292603	-0.956234	-3.54902	-2.07065	4.10891
63	0.0257237	-0.999669	-3.89737	-1.78025	4.28472
63.1	-0.247585	-0.968866	-4.20033	-1.58189	4.48834
63.2	-0.483876	-0.875136	-4.44119	-1.45797	4.67438
63.3	-0.656575	-0.754261	-4.60379	-1.40192	4.81251
63.4	-0.76191	-0.647683	-4.6875	-1.41563	4.8966
63.5	-0.809763	-0.586757	-4.7032	-1.50391	4.93779
63.6	-0.809563	-0.587033	-4.66025	-1.6697	4.95034
63.7	-0.76121	-0.648505	-4.55675	-1.91099	4.94124
63.8	-0.655099	-0.755543	-4.3778	-2.21893	4.90803
63.9	-0.48144	-0.876479	-4.10144	-2.57812	4.84443
64	-0.245009	-0.969521	-3.70871	-2.97022	4.7515
64.1	0.0256033	-0.999672	-3.18982	-3.37896	4.64676
64.2	0.285646	-0.958335	-2.53985	-3.78969	4.56208
64.3	0.495262	-0.868744	-1.75116	-4.17836	4.53048
64.4	0.63561	-0.77201	-0.819409	-4.49799	4.57202
64.5	0.707618	-0.706595	0.235605	-4.67865	4.68458
64.6	0.718856	-0.695159	1.35115	-4.64487	4.8374
64.7	0.672216	-0.740355	2.41878	-4.3389	4.96755
64.8	0.565545	-0.824717	3.29965	-3.74442	4.99083
64.9	0.401832	-0.915713	3.86806	-2.91203	4.84167
65	0.197645	-0.980274	4.07661	-1.95682	4.52193
65.1	-0.0208735	-0.999782	3.97912	-1.00632	4.1044
65.2	-0.227125	-0.973866	3.68751	-0.151874	3.69063
65.3	-0.399854	-0.916579	3.3183	0.558319	3.36494
65.4	-0.526295	-0.850302	2.96354	1.10444	3.16265
65.5	-0.602488	-0.798128	2.68435	1.4815	3.06604
65.6	-0.629672	-0.776861	2.51687	1.69281	3.03319
65.7	-0.609193	-0.793022	2.4804	1.74753	3.03418
65.8	-0.540064	-0.841624	2.58211	1.65878	3.06901
65.9	-0.421236	-0.906951	2.81689	1.44136	3.16423
66	-0.257163	-0.966368	3.16286	1.10811	3.35136
66.1	-0.0620422	-0.998074	3.57547	0.665809	3.63693
66.2	0.141838	-0.98989	3.98612	0.115339	3.98778
66.3	0.330807	-0.943698	4.31042	-0.540378	4.34416
66.4	0.486307	-0.873788	4.46515	-1.28468	4.64628
66.5	0.597755	-0.801679	4.38782	-2.08052	4.85608
66.6	0.661719	-0.749752	4.05106	-2.87399	4.96698
66.7	0.67815	-0.734923	3.46469	-3.60462	4.99974
66.8	0.645531	-0.763734	2.66722	-4.21522	4.9882
66.9	0.558662	-0.829396	1.71547	-4.65847	4.96429
67	0.412334	-0.911033	0.676217	-4.90232	4.94874
67.1	0.210287	-0.97764	-0.381398	-4.93364	4.94836
67.2	-0.0269854	-0.999636	-1.39284	-4.75921	4.95884
67.3	-0.264663	-0.964341	-2.30444	-4.40517	4.97152
67.4	-0.467691	-0.883892	-3.07891	-3.914	4.97987
67.5	-0.615338	-0.788263	-3.69807	-3.33713	4.98119
67.6	-0.704238	-0.709964	-4.15972	-2.72482	4.97272
67.7	-0.740331	-0.672243	-4.46977	-2.11837	4.94635
67.8	-0.728688	-0.684845	-4.63455	-1.54755	4.8861
67.9	-0.668316	-0.743877	-4.6579	-1.03236	4.77093
68	-0.553935	-0.83256	-4.54634	-0.586191	4.58398
68.1	-0.383125	-0.923697	-4.32028	-0.21742	4.32575
68.2	-0.164589	-0.986362	-4.02248	0.0703545	4.0231
68.3	0.0780266	-0.996951	-3.71435	0.274998	3.72452
68.4	0.311037	-0.950398	-3.45875	0.387022	3.48034
68.5	0.503419	-0.864042	-3.29781	0.381212	3.31977
68.6	0.638494	-0.769627	-3.23769	0.2179	3.24501
68.7	0.715023	-0.699101	-3.24637	-0.144727	3.2496
68.8	0.738409	-0.674353	-3.26115	-0.733614	3.34265
68.9	0.71044	-0.703758	-3.20032	-1.54399	3.5533
69	0.62421	-0.781257	-2.97619	-2.52399	3.90234
69.1	0.46686	-0.884331	-2.50715	-3.55926	4.35364
69.2	0.231933	-0.972732	-1.73624	-4.45502	4.78139
69.3	-0.0580541	-0.998313	-0.687358	-4.9485	4.99601
69.4	-0.340806	-0.940134	0.468323	-4.85744	4.87997
69.5	-0.556109	-0.83111	1.50305	-4.26038	4.51774
69.6	-0.687797	-0.725903	2.29203	-3.39435	4.09573
69.7	-0.748298	-0.663363	2.8183	-2.47427	3.75031
69.8	-0.751448	-0.659792	3.12474	-1.6473	3.53236
69.9	-0.70098	-0.713181	3.28886	-0.998073	3.43697
70	-0.591804	-0.806082	3.40034	-0.555473	3.44541
70.1	-0.419594	-0.907712	3.53469	-0.304704	3.5478
70.2	-0.193049	-0.981189	3.73141	-0.207484	3.73717
70.3	0.0606957	-0.998156	3.98519	-0.224631	3.99152
70.4	0.304108	-0.952637	4.25549	-0.330887	4.26834
70.5	0.504998	-0.863121	4.48991	-0.516043	4.51947
70.6	0.647303	-0.762233	4.64727	-0.777544	4.71187
70.7	0.730713	-0.682685	4.70739	-1.11397	4.8374
70.8	0.762118	-0.647438	4.66529	-1.52223	4.90735
70.9	0.745962	-0.665988	4.51852	-1.99558	4.93957
71	0.679419	-0.733751	4.25827	-2.52032	4.94822
71.1	0.555058	-0.831812	3.8685	-3.07259	4.94026
71.2	0.370378	-0.928881	3.33201	-3.61752	4.9182
71.3	0.138778	-0.990323	2.6394	-4.11233	4.88648
71.4	-0.107957	-0.994156	1.79585	-4.51204	4.85629
71.5	-0.331161	-0.943574	0.823472	-4.7733	4.84381
71.6	-0.502359	-0.864659	-0.237478	-4.85588	4.86168
71.7	-0.611331	-0.791375	-1.326	-4.72701	4.90947
71.8	-0.661034	-0.750356	-2.36116	-4.37107	4.96803
71.9	-0.657529	-0.753429	-3.25084	-3.79888	4.99994
72	-0.604139	-0.796879	-3.90811	-3.0516	4.95839
72.1	-0.502613	-0.864511	-4.27383	-2.19791	4.80587
72.2	-0.357787	-0.933803	-4.33903	-1.32074	4.53558
72.3	-0.180612	-0.983554	-4.15062	-0.494628	4.17999
72.4	0.0119874	-0.999928	-3.79367	0.231724	3.80074
72.5	0.199409	-0.979916	-3.36432	0.836627	3.46679
72.6	0.361585	-0.932339	-2.9475	1.31488	3.22748
72.7	0.484035	-0.875049	-2.60509	1.66608	3.0923
72.8	0.560258	-0.828318	-2.37502	1.88906	3.03468
72.9	0.589504	-0.807765	-2.2768	1.98227	3.01881
73	0.572398	-0.819976	-2.31755	1.94556	3.02593
73.1	0.508503	-0.86106	-2.49474	1.78101	3.06524
73.2	0.397831	-0.917459	-2.79488	1.49223	3.1683
73.3	0.245121	-0.969492	-3.18858	1.08226	3.36725
73.4	0.0630606	-0.99801	-3.62458	0.551609	3.66631
73.5	-0.129019	-0.991642	-4.02819	-0.0991765	4.02941
73.6	-0.310176	-0.950679	-4.30915	-0.86007	4.39414
73.7	-0.462747	-0.88649	-4.37919	-1.6998	4.69751
73.8	-0.574927	-0.818205	-4.17529	-2.561	4.89815
73.9	-0.641014	-0.767529	-3.67959	-3.36889	4.98887
74	-0.659052	-0.752097	-2.92333	-4.04953	4.99445
74.1	-0.626585	-0.779353	-1.97355	-4.54574	4.95567
74.2	-0.538287	-0.842761	-0.914061	-4.82507	4.91089
74.3	-0.389481	-0.921035	0.170837	-4.8816	4.88458
74.4	-0.185055	-0.982728	1.20838	-4.73217	4.88402
74.5	0.0531172	-0.998588	2.14332	-4.40902	4.90238
74.6	0.289425	-0.957201	2.93917	-3.95367	4.92649
74.7	0.489125	-0.872214	3.5782	-3.4134	4.94518
74.8	0.632547	-0.774522	4.06025	-2.83628	4.95279
74.9	0.717336	-0.696727	4.39729	-2.2645	4.94612
75	0.74981	-0.661653	4.60466	-1.72941	4.91872
75.1	0.734667	-0.678428	4.69347	-1.25102	4.85734
75.2	0.670012	-0.74235	4.6688	-0.840684	4.74389
75.3	0.549644	-0.835399	4.53594	-0.504536	4.56391
75.4	0.370985	-0.928639	4.31222	-0.245496	4.3192
75.5	0.144058	-0.989569	4.0357	-0.0648334	4.03622
75.6	-0.10493	-0.99448	3.76087	0.0329544	3.76101
75.7	-0.340092	-0.940392	3.54004	0.0315048	3.54018
75.8	-0.530198	-0.847874	3.39971	-0.102317	3.40125
75.9	-0.660182	-0.751106	3.32535	-0.411229	3.35068
76	-0.730529	-0.682882	3.26187	-0.929328	3.39167
76.1	-0.746993	-0.664832	3.12696	-1.66107	3.54077
76.2	-0.70986	-0.704342	2.83153	-2.56406	3.81994
76.3	-0.609388	-0.792872	2.30073	-3.53717	4.21959
76.4	-0.430915	-0.902392	1.49283	-4.40942	4.65526
76.5	-0.17364	-0.984809	0.434536	-4.9383	4.95739
76.6	0.122627	-0.992453	-0.720429	-4.9026	4.95525
76.7	0.388087	-0.921623	-1.73958	-4.30881	4.64672
76.8	0.578622	-0.815596	-2.48477	-3.38768	4.20125
76.9	0.691114	-0.722746	-2.94738	-2.38447	3.79115
77	0.738999	-0.673707	-3.18142	-1.46763	3.50362
77.1	0.733017	-0.680211	-3.26663	-0.733379	3.34794
77.2	0.674552	-0.738228	-3.29171	-0.219784	3.29904
77.3	0.5584	-0.829572	-3.33684	0.0798732	3.3378
77.4	0.38221	-0.924076	-3.45651	0.200301	3.46231
77.5	0.157198	-0.987567	-3.66717	0.184709	3.67182
77.6	-0.0888127	-0.996048	-3.94487	0.0673512	3.94545
77.7	-0.320535	-0.947237	-4.23707	-0.134386	4.2392
77.8	-0.509442	-0.860505	-4.48464	-0.415745	4.50387
77.9	-0.642071	-0.766645	-4.64206	-0.775388	4.70637
78	-0.718521	-0.695505	-4.68534	-1.20969	4.83898
78.1	-0.744532	-0.667586	-4.60598	-1.71124	4.91359
78.2	-0.723174	-0.690666	-4.39927	-2.26748	4.94924
78.3	-0.65113	-0.758966	-4.05643	-2.85752	4.96186
78.4	-0.521918	-0.852996	-3.56491	-3.44919	4.96039
78.5	-0.335123	-0.942174	-2.91507	-3.99895	4.94866
78.6	-0.106025	-0.994363	-2.10909	-4.4567	4.93056
78.7	0.1336	-0.991035	-1.16717	-4.77363	4.91424
78.8	0.347335	-0.937741	-0.128765	-4.90931	4.91099
78.9	0.509665	-0.860373	0.949311	-4.83614	4.92843
79	0.612218	-0.790689	1.99603	-4.5437	4.96279
79.1	0.658283	-0.75277	2.93246	-4.04338	4.99482
79.2	0.653563	-0.756872	3.68205	-3.36997	4.99141
79.3	0.601023	-0.799232	4.18347	-2.57857	4.91431
79.4	0.501854	-0.864952	4.40552	-1.73754	4.73578
79.5	0.359645	-0.933089	4.35961	-0.915985	4.4548
79.6	0.183793	-0.982965	4.09999	-0.168458	4.10345
79.7	-0.0096092	-0.999954	3.70887	0.474126	3.73905
79.8	-0.19957	-0.979884	3.27518	1.00156	3.4249
79.9	-0.364912	-0.931042	2.87602	1.41339	3.20455
80	-0.490194	-0.871614	2.5663	1.70866	3.08309
80.1	-0.568566	-0.822638	2.37816	1.88232	3.03295
80.2	-0.599395	-0.800454	2.32625	1.9273	3.02091
80.3	-0.583493	-0.812118	2.41321	1.83737	3.03307
80.4	-0.520361	-0.853946	2.6317	1.60868	3.08443
80.5	-0.409562	-0.912282	2.96214	1.23983	3.21115
80.6	-0.255046	-0.966929	3.36664	0.731119	3.44512
80.7	-0.0686159	-0.997643	3.78213	0.0848499	3.78308
80.8	0.130824	-0.991406	4.11936	-0.688822	4.17656
80.9	0.321475	-0.946918	4.27429	-1.5595	4.5499
81	0.483174	-0.875524	4.15382	-2.46498	4.83015
81.1	0.601114	-0.799164	3.71097	-3.31487	4.97591
81.2	0.668135	-0.74404	2.96839	-4.01647	4.99434
81.3	0.6826	-0.730792	2.00719	-4.50511	4.93202
81.4	0.64227	-0.766478	0.932677	-4.75592	4.84651
81.5	0.541056	-0.840987	-0.155355	-4.7799	4.78242
81.6	0.374101	-0.927388	-1.17997	-4.61315	4.76167
81.7	0.149017	-0.988835	-2.09246	-4.3018	4.78371
81.8	-0.106624	-0.994299	-2.86687	-3.8893	4.83173
81.9	-0.351844	-0.936059	-3.49195	-3.41391	4.88349
82	-0.550664	-0.834727	-3.96886	-2.91222	4.92268
82.1	-0.686589	-0.727046	-4.3109	-2.41948	4.94346
82.2	-0.76173	-0.647895	-4.53858	-1.96525	4.94579
82.3	-0.785042	-0.619443	-4.67055	-1.56962	4.92724
82.4	-0.760979	-0.648777	-4.71655	-1.24328	4.87766
82.5	-0.685296	-0.728265	-4.67672	-0.99009	4.78037
82.6	-0.549286	-0.835634	-4.54921	-0.810607	4.62086
82.7	-0.350298	-0.936638	-4.34359	-0.705049	4.40044
82.8	-0.102349	-0.994749	-4.0897	-0.676864	4.14533
82.9	0.161788	-0.986826	-3.8305	-0.73859	3.90106
83	0.401482	-0.915867	-3.59852	-0.916995	3.71352
83.1	0.585883	-0.810395	-3.39006	-1.24841	3.61262
83.2	0.70413	-0.710071	-3.15567	-1.7598	3.61319
83.3	0.760577	-0.649248	-2.81425	-2.44385	3.72725
83.4	0.761422	-0.648256	-2.28383	-3.24179	3.96549
83.5	0.703555	-0.710641	-1.51412	-4.03959	4.31403
83.6	0.572773	-0.819714	-0.510685	-4.67018	4.69802
83.7	0.357484	-0.933919	0.638405	-4.92404	4.96525
83.8	0.0782244	-0.996936	1.73876	-4.63598	4.95132
83.9	-0.204863	-0.978791	2.57597	-3.85403	4.63564
84	-0.436804	-0.899557	3.07362	-2.81709	4.16931
84.1	-0.597484	-0.801881	3.28613	-1.75976	3.72766
84.2	-0.690581	-0.723255	3.30794	-0.832015	3.41097
84.3	-0.726549	-0.687115	3.23177	-0.111171	3.23368
84.4	-0.711999	-0.70218	3.13963	0.377143	3.1622
84.5	-0.646018	-0.763322	3.09868	0.642808	3.16466
84.6	-0.523509	-0.85202	3.15584	0.717186	3.2363
84.7	-0.344102	-0.938932	3.3311	0.639958	3.39202
84.8	-0.121134	-0.992636	3.61111	0.446242	3.63858
84.9	0.117568	-0.993065	3.94862	0.157185	3.95174
85	0.339333	-0.940666	4.27384	-0.219818	4.27949
85.1	0.518881	-0.854847	4.51513	-0.681747	4.56631
85.2	0.644467	-0.764633	4.61841	-1.22042	4.77694
85.3	0.716028	-0.698072	4.55557	-1.81963	4.90554
85.4	0.738163	-0.674622	4.31926	-2.45668	4.96903
85.5	0.712644	-0.701526	3.91181	-3.10263	4.99286
85.6	0.63509	-0.772438	3.33862	-3.72047	4.99883
85.7	0.498494	-0.866893	2.60926	-4.26464	4.99954
85.8	0.302862	-0.953034	1.74305	-4.68477	4.99853
85.9	0.0650479	-0.997882	0.774105	-4.93454	4.99489
86	-0.181081	-0.983468	-0.24831	-4.9829	4.98909
86.1	-0.397921	-0.91742	-1.26577	-4.82214	4.9855
86.2	-0.560558	-0.828115	-2.21942	-4.46792	4.9888
86.3	-0.662452	-0.749105	-3.05664	-3.95346	4.99728
86.4	-0.708625	-0.705585	-3.73415	-3.32211	4.99803
86.5	-0.705308	-0.708901	-4.21873	-2.62094	4.96659
86.6	-0.654057	-0.756445	-4.48817	-1.89645	4.87239
86.7	-0.552647	-0.833415	-4.53652	-1.1923	4.69058
86.8	-0.400619	-0.916245	-4.38345	-0.546067	4.41734
86.9	-0.205379	-0.978682	-4.07964	0.0163702	4.07967
87	0.0147919	-0.999891	-3.69994	0.483615	3.73141
87.1	0.232989	-0.972479	-3.32611	0.853128	3.43377
87.2	0.421638	-0.906764	-3.02702	1.11976	3.22749
87.3	0.562141	-0.827041	-2.84558	1.26759	3.11514
87.4	0.648693	-0.76105	-2.79677	1.27089	3.07198
87.5	0.683631	-0.729828	-2.87286	1.10085	3.07656
87.6	0.669588	-0.742733	-3.04842	0.732547	3.1352
87.7	0.604805	-0.796374	-3.28121	0.151722	3.28472
87.8	0.484183	-0.874967	-3.50874	-0.637199	3.56613
87.9	0.305058	-0.952334	-3.64217	-1.59993	3.97809
88	0.074687	-0.997207	-3.5654	-2.65546	4.44562
88.1	-0.18304	-0.983105	-3.15897	-3.6559	4.83164
88.2	-0.42598	-0.904733	-2.37283	-4.39898	4.99814
88.3	-0.610581	-0.791954	-1.30401	-4.73139	4.9078
88.4	-0.71947	-0.694523	-0.14748	-4.65342	4.65575
88.5	-0.759952	-0.649979	0.928001	-4.27638	4.37592
88.6	-0.74098	-0.671528	1.82845	-3.73715	4.16047
88.7	-0.66095	-0.75043	2.53137	-3.16063	4.04938
88.8	-0.512028	-0.858969	3.06975	-2.63966	4.0486
88.9	-0.294243	-0.955731	3.50052	-2.22055	4.14542
89	-0.0284401	-0.999595	3.86723	-1.9072	4.31195
89.1	0.244619	-0.969619	4.18057	-1.68256	4.50646
89.2	0.481316	-0.876547	4.42749	-1.53052	4.68457
89.3	0.654688	-0.755899	4.59484	-1.44527	4.81678
89.4	0.760663	-0.649146	4.68383	-1.42939	4.89708
89.5	0.809022	-0.587779	4.70636	-1.48819	4.93605
89.6	0.809237	-0.587483	4.67231	-1.6251	4.94686
89.7	0.761321	-0.648376	4.58014	-1.83859	4.93539
89.8	0.655769	-0.754961	4.4154	-2.12068	4.89827
89.9	0.482789	-0.875737	4.15675	-2.4575	4.82886
90	0.246964	-0.969025	3.78614	-2.83296	4.72869
90.1	-0.0234469	-0.999725	3.29457	-3.23372	4.6164
90.2	-0.2839	-0.958854	2.67677	-3.64855	4.52515
90.3	-0.49439	-0.86924	1.92223	-4.05671	4.48908
90.4	-0.63571	-0.771928	1.02053	-4.41292	4.52939
90.5	-0.708504	-0.705706	-0.016567	-4.6454	4.64543
90.6	-0.720203	-0.693763	-1.13356	-4.67235	4.80789
90.7	-0.67347	-0.739215	-2.22548	-4.42585	4.95388
90.8	-0.565684	-0.824622	-3.15056	-3.87723	4.99589
90.9	-0.399639	-0.916673	-3.77236	-3.06719	4.86193
91	-0.192728	-0.981252	-4.0301	-2.11024	4.54915
91.1	0.027591	-0.999619	-3.96988	-1.14191	4.13085
91.2	0.234076	-0.972218	-3.70253	-0.262908	3.71185
91.3	0.405716	-0.913999	-3.34648	0.472023	3.3796
91.4	0.530381	-0.847759	-2.99632	1.03966	3.17157
91.5	0.604643	-0.796497	-2.71571	1.43403	3.07108
91.6	0.629945	-0.77664	-2.54299	1.65903	3.03631
91.7	0.607595	-0.794247	-2.49926	1.72516	3.03686
91.8	0.536536	-0.843877	-2.59306	1.64723	3.07203
91.9	0.41582	-0.909447	-2.82028	1.44165	3.16739
92	0.250259	-0.968179	-3.15985	1.12255	3.35332
92.1	0.0545297	-0.998512	-3.56818	0.697359	3.63569
92.2	-0.148753	-0.988874	-3.97819	0.166727	3.98168
92.3	-0.335968	-0.941873	-4.30777	-0.467765	4.33309
92.4	-0.488987	-0.872291	-4.47617	-1.1922	4.63222
92.5	-0.597836	-0.801618	-4.42229	-1.97359	4.8427
92.6	-0.659545	-0.751665	-4.11744	-2.76238	4.95823
92.7	-0.674213	-0.738537	-3.56695	-3.50116	4.99812
92.8	-0.640328	-0.768102	-2.80297	-4.13306	4.99388
92.9	-0.552855	-0.833278	-1.87603	-4.60809	4.97534
93	-0.406999	-0.913429	-0.848427	-4.889	4.96207
93.1	-0.20687	-0.978368	0.212126	-4.95636	4.9609
93.2	0.0271925	-0.99963	1.2395	-4.81149	4.96859
93.3	0.261208	-0.965282	2.17632	-4.47703	4.97797
93.4	0.461163	-0.887315	2.98067	-3.99409	4.98369
93.5	0.606859	-0.794809	3.62972	-3.41441	4.98328
93.6	0.694762	-0.719239	4.11723	-2.78969	4.97332
93.7	0.730313	-0.683113	4.44632	-2.1634	4.94471
93.8	0.718257	-0.695778	4.62204	-1.56782	4.88071
93.9	0.657742	-0.753243	4.64848	-1.02536	4.76022
94	0.544067	-0.839042	4.53372	-0.551466	4.56713
94.1	0.375436	-0.926848	4.30042	-0.155829	4.30325
94.2	0.160672	-0.987008	3.99339	0.157666	3.9965
94.3	-0.0772615	-0.997011	3.67538	0.387805	3.69578
94.4	-0.305874	-0.952072	3.41055	0.527185	3.45105
94.5	-0.49512	-0.868825	3.24353	0.553312	3.29039
94.6	-0.628539	-0.777778	3.18518	0.428691	3.2139
94.7	-0.704458	-0.709746	3.21034	0.111456	3.21227
94.8	-0.727744	-0.685848	3.26402	-0.429328	3.29214
94.9	-0.700126	-0.714019	3.27049	-1.198	3.483
95	-0.615432	-0.78819	3.14307	-2.157	3.81203
95.1	-0.462123	-0.886816	2.7934	-3.21095	4.25597
95.2	-0.234161	-0.972198	2.14554	-4.18732	4.705
95.3	0.0493163	-0.998783	1.18411	-4.83444	4.97734
95.4	0.331139	-0.943582	0.0359377	-4.93267	4.9328
95.5	0.549756	-0.835325	-1.06942	-4.49296	4.61848
95.6	0.684699	-0.728826	-1.96824	-3.72247	4.21079
95.7	0.747	-0.664825	-2.60979	-2.84014	3.85712
95.8	0.750735	-0.660604	-3.01592	-2.00683	3.62259
95.9	0.699952	-0.71419	-3.25341	-1.32325	3.51221
96	0.589669	-0.807645	-3.41025	-0.833069	3.51053
96.1	0.415689	-0.909507	-3.56643	-0.531689	3.60584
96.2	0.187103	-0.98234	-3.76812	-0.385532	3.78779
96.3	-0.0683017	-0.997665	-4.01649	-0.355967	4.03224
96.4	-0.312373	-0.94996	-4.27662	-0.416365	4.29684
96.5	-0.512703	-0.858566	-4.50118	-0.555202	4.53529
96.6	-0.653558	-0.756876	-4.65354	-0.769717	4.71677
96.7	-0.735188	-0.677863	-4.71695	-1.05945	4.83446
96.8	-0.764825	-0.644238	-4.68828	-1.423	4.89948
96.9	-0.746868	-0.664972	-4.56553	-1.85571	4.92825
97	-0.678242	-0.734838	-4.33918	-2.34652	4.93302
97.1	-0.551435	-0.834218	-3.99167	-2.875	4.91925
97.2	-0.364328	-0.931271	-3.50333	-3.41051	4.88927
97.3	-0.131122	-0.991366	-2.86105	-3.91497	4.84898
97.4	0.115703	-0.993284	-2.06427	-4.34705	4.81228
97.5	0.337391	-0.941365	-1.12703	-4.66366	4.79791
97.6	0.505926	-0.862577	-0.0808152	-4.81931	4.81999
97.7	0.611603	-0.791165	1.01959	-4.7703	4.87805
97.8	0.657512	-0.753444	2.09341	-4.48683	4.95117
97.9	0.649475	-0.760383	3.04144	-3.9664	4.99826
98	0.590669	-0.806914	3.76409	-3.24195	4.96776
98.1	0.483501	-0.875344	4.18881	-2.38223	4.81883
98.2	0.334407	-0.942429	4.2984	-1.4779	4.54538
98.3	0.156055	-0.987748	4.13856	-0.614088	4.18388
98.4	-0.0338497	-0.999427	3.79697	0.151576	3.8
98.5	-0.215243	-0.976561	3.3727	0.791683	3.46437
98.6	-0.369568	-0.929204	2.95273	1.29843	3.2256
98.7	-0.483974	-0.875082	2.60052	1.67166	3.09146
98.8	-0.552907	-0.833243	2.35562	1.91275	3.03439
98.9	-0.57572	-0.817647	2.23933	2.02409	3.01854
99	-0.552781	-0.833327	2.26061	2.01006	3.02501
99.1	-0.483709	-0.875229	2.41877	1.87715	3.06173
99.2	-0.369307	-0.929307	2.7025	1.63273	3.15742
99.3	-0.215704	-0.976459	3.08567	1.28206	3.34141
99.4	-0.0368788	-0.99932	3.52265	0.825446	3.61807
99.5	0.147474	-0.989066	3.94766	0.259381	3.95617
99.6	0.317428	-0.948282	4.28179	-0.415545	4.30191
99.7	0.457548	-0.889185	4.44666	-1.1841	4.60162
99.8	0.558602	-0.829436	4.38042	-2.01	4.81956
99.9	0.616591	-0.787284	4.05102	-2.83783	4.94611
100	0.629961	-0.776627	3.46145	-3.60198	4.99559
