0	0.707107	-0.707107	4.17121	-2.70711	4.97267
0.1	0.751137	-0.660147	4.47198	-2.12824	4.95258
0.2	0.74524	-0.666796	4.63753	-1.5888	4.90214
0.3	0.688433	-0.7253	4.67023	-1.10645	4.79951
0.4	0.573453	-0.819238	4.57145	-0.692578	4.62361
0.5	0.395296	-0.918554	4.35537	-0.354815	4.3698
0.6	0.163024	-0.986622	4.06291	-0.0973132	4.06408
0.7	-0.0945121	-0.995524	3.75925	0.0761511	3.76003
0.8	-0.337179	-0.941441	3.51024	0.152799	3.51357
0.9	-0.531627	-0.846979	3.35387	0.10323	3.35546
1	-0.66351	-0.748167	3.28589	-0.11395	3.28787
1.1	-0.735154	-0.6779	3.26236	-0.536858	3.30624
1.2	-0.754307	-0.656521	3.21095	-1.18257	3.4218
1.3	-0.724083	-0.689713	3.04443	-2.03073	3.65956
1.4	-0.639777	-0.76856	2.67468	-3.00784	4.02505
1.5	-0.493786	-0.869584	2.031	-3.97208	4.4612
1.6	-0.286629	-0.958042	1.09612	-4.71144	4.83727
1.7	-0.0371777	-0.999309	-0.0398086	-4.99931	4.99947
1.8	0.218161	-0.975913	-1.17482	-4.72553	4.86937
1.9	0.440265	-0.897868	-2.1032	-3.98506	4.50602
2	0.604482	-0.796619	-2.73131	-3.00399	4.06005
2.1	0.705788	-0.708423	-3.0793	-2.0019	3.67283
2.2	0.75073	-0.660609	-3.22202	-1.1267	3.41334
2.3	0.745679	-0.666305	-3.24875	-0.455292	3.2805
2.4	0.689796	-0.724004	-3.24609	-0.0107254	3.24611
2.5	0.575876	-0.817537	-3.28681	0.221513	3.29427
2.6	0.398781	-0.917046	-3.41854	0.277975	3.42982
2.7	0.167259	-0.985913	-3.65265	0.200803	3.65817
2.8	-0.0901444	-0.995929	-3.9584	0.0221932	3.95847
2.9	-0.333352	-0.942802	-4.2716	-0.242663	4.27849
3	-0.528774	-0.848763	-4.52036	-0.589531	4.55864
3.1	-0.661724	-0.749748	-4.65296	-1.0144	4.76225
3.2	-0.734326	-0.678797	-4.64724	-1.50892	4.88607
3.3	-0.754331	-0.656494	-4.49977	-2.06065	4.94917
3.4	-0.724981	-0.688769	-4.21026	-2.65163	4.97568
3.5	-0.641697	-0.766958	-3.77399	-3.25468	4.98356
3.6	-0.496863	-0.867829	-3.18401	-3.83081	4.98127
3.7	-0.290772	-0.956792	-2.43913	-4.33089	4.97051
3.8	-0.0419244	-0.999121	-1.55269	-4.70285	4.95254
3.9	0.213546	-0.976933	-0.556927	-4.90203	4.93356
4	0.436457	-0.899725	0.498795	-4.89924	4.92457
4.1	0.601812	-0.798638	1.55309	-4.68388	4.93465
4.2	0.704242	-0.70996	2.538	-4.26486	4.96291
4.3	0.750167	-0.661249	3.38532	-3.67056	4.99334
4.4	0.746037	-0.665905	4.03307	-2.94526	4.99401
4.5	0.691167	-0.722695	4.43044	-2.1432	4.9216
4.6	0.578432	-0.81573	4.546	-1.3241	4.7349
4.7	0.402564	-0.915392	4.38562	-0.547598	4.41967
4.8	0.171963	-0.985103	4.01042	0.140175	4.01287
4.9	-0.0851981	-0.996364	3.52797	0.719733	3.60064
5	-0.328938	-0.944352	3.05284	1.19191	3.27726
5.1	-0.525404	-0.850853	2.66897	1.55663	3.08974
5.2	-0.659526	-0.751682	2.41984	1.80126	3.01665
5.3	-0.733183	-0.680032	2.31926	1.90504	3.00136
5.4	-0.754113	-0.656744	2.36515	1.84729	3.00107
5.5	-0.725695	-0.688017	2.54697	1.61191	3.01419
5.6	-0.643482	-0.765461	2.8463	1.18938	3.08481
5.7	-0.499848	-0.866113	3.23028	0.578237	3.28163
5.8	-0.294844	-0.955546	3.63569	-0.213293	3.64194
5.9	-0.0465814	-0.998914	3.95021	-1.15908	4.11675
6	0.209069	-0.977901	4.02032	-2.19212	4.57913
6.1	0.432836	-0.901473	3.71556	-3.18702	4.89515
6.2	0.599355	-0.800483	3.0114	-3.99142	4.99999
6.3	0.702914	-0.711275	2.00432	-4.49365	4.92038
6.4	0.749807	-0.661657	0.852475	-4.66034	4.73767
6.5	0.746564	-0.665314	-0.289929	-4.52869	4.53796
6.6	0.692641	-0.721282	-1.31158	-4.18294	4.38375
6.7	0.580965	-0.813929	-2.16097	-3.72628	4.30755
6.8	0.406118	-0.913821	-2.84127	-3.2493	4.31634
6.9	0.176181	-0.984358	-3.38407	-2.80772	4.39718
7	-0.080962	-0.996717	-3.81851	-2.42177	4.52172
7.1	-0.325348	-0.945595	-4.15727	-2.09291	4.65438
7.2	-0.522854	-0.852422	-4.40381	-1.82103	4.76547
7.3	-0.658068	-0.752958	-4.56498	-1.61089	4.84087
7.4	-0.732684	-0.680569	-4.65402	-1.46994	4.88064
7.5	-0.754458	-0.656349	-4.68393	-1.40418	4.88988
7.6	-0.726898	-0.686746	-4.6599	-1.41581	4.87023
7.7	-0.645669	-0.763618	-4.57678	-1.50281	4.81719
7.8	-0.503099	-0.864229	-4.42312	-1.66013	4.7244
7.9	-0.298994	-0.954255	-4.18974	-1.88273	4.59332
8	-0.0511235	-0.998692	-3.87576	-2.17008	4.44193
8.1	0.204822	-0.978799	-3.48283	-2.52839	4.30382
8.2	0.429439	-0.903096	-2.999	-2.96363	4.21629
8.3	0.597036	-0.802214	-2.38958	-3.46307	4.20748
8.4	0.701622	-0.712549	-1.61121	-3.9761	4.29015
8.5	0.749402	-0.662115	-0.644805	-4.41127	4.45815
8.6	0.746983	-0.664843	0.473913	-4.65551	4.67957
8.7	0.693959	-0.720015	1.64346	-4.60569	4.89012
8.8	0.583322	-0.812241	2.70848	-4.201	4.99843
8.9	0.409547	-0.912289	3.49725	-3.45514	4.91617
9	0.180426	-0.983589	3.89244	-2.47388	4.61207
9.1	-0.076469	-0.997072	3.90109	-1.42015	4.15155
9.2	-0.321278	-0.946985	3.64616	-0.437617	3.67232
9.3	-0.519682	-0.85436	3.28134	0.391527	3.30462
9.4	-0.655933	-0.754819	2.9222	1.03318	3.09947
9.5	-0.731498	-0.681843	2.63593	1.47695	3.02151
9.6	-0.754107	-0.656752	2.45927	1.72531	3.00411
9.7	-0.727381	-0.686234	2.41393	1.79009	3.00524
9.8	-0.647111	-0.762396	2.51283	1.6901	3.02833
9.9	-0.505631	-0.86275	2.75908	1.44845	3.11617
10	-0.302544	-0.953135	3.13783	1.08742	3.32091
10.1	-0.0552839	-0.998471	3.60267	0.61998	3.65563
10.2	0.20071	-0.979651	4.06682	0.0465878	4.06709
10.3	0.425992	-0.904727	4.41669	-0.632023	4.46168
10.4	0.594579	-0.804037	4.5507	-1.39486	4.75968
10.5	0.700176	-0.71397	4.4152	-2.19673	4.93149
10.6	0.748861	-0.662727	4.00842	-2.98119	4.99549
10.7	0.747303	-0.664483	3.36159	-3.69194	4.99307
10.8	0.695235	-0.718782	2.52259	-4.27698	4.96548
10.9	0.585719	-0.810514	1.54948	-4.69267	4.94187
11	0.413093	-0.910689	0.506629	-4.9096	4.93567
11.1	0.184798	-0.982776	-0.540648	-4.91644	4.94608
11.2	-0.0719461	-0.997409	-1.53197	-4.72143	4.96375
11.3	-0.317344	-0.94831	-2.41783	-4.35242	4.9789
11.4	-0.516801	-0.856105	-3.16529	-3.85369	4.98698
11.5	-0.654197	-0.756324	-3.7599	-3.27716	4.98765
11.6	-0.730781	-0.682612	-4.20115	-2.67171	4.97873
11.7	-0.754283	-0.656549	-4.49389	-2.07618	4.95031
11.8	-0.728462	-0.685087	-4.6408	-1.51791	4.88273
11.9	-0.649231	-0.760591	-4.6411	-1.01549	4.7509
12	-0.508898	-0.860827	-4.49919	-0.58229	4.53671
12.1	-0.306816	-0.951769	-4.24069	-0.227437	4.24678
12.2	-0.0600413	-0.998196	-3.92173	0.0445745	3.92198
12.3	0.196217	-0.980561	-3.61658	0.228803	3.62381
12.4	0.422394	-0.906412	-3.38852	0.308868	3.40257
12.5	0.592145	-0.805832	-3.26553	0.251701	3.27521
12.6	0.698853	-0.715265	-3.23385	0.0153612	3.23389
12.7	0.748492	-0.663144	-3.24503	-0.43563	3.27414
12.8	0.747813	-0.663909	-3.22673	-1.11451	3.41378
12.9	0.696699	-0.717364	-3.09304	-1.99717	3.68179
13	0.588273	-0.808662	-2.75442	-3.00557	4.0768
13.1	0.416735	-0.909028	-2.13437	-3.98992	4.52493
13.2	0.189187	-0.981941	-1.21136	-4.72873	4.88143
13.3	-0.0674684	-0.997721	-0.0797604	-4.9977	4.99834
13.4	-0.313464	-0.9496	1.05469	-4.70834	4.82503
13.5	-0.513928	-0.857833	1.99241	-3.97524	4.4466
13.6	-0.652397	-0.757877	2.64425	-3.0233	4.01651
13.7	-0.729922	-0.68353	3.02559	-2.06054	3.6606
13.8	-0.754236	-0.656603	3.20499	-1.22627	3.43157
13.9	-0.729219	-0.684281	3.26973	-0.592778	3.32303
14	-0.650901	-0.759163	3.3069	-0.179694	3.31178
14.1	-0.511579	-0.859237	3.38817	0.0306661	3.38831
14.2	-0.3104	-0.950606	3.55547	0.076553	3.55629
14.3	-0.0641062	-0.997943	3.80976	-0.00137834	3.80976
14.4	0.192303	-0.981336	4.11018	-0.174946	4.1139
14.5	0.41919	-0.907899	4.39078	-0.431989	4.41198
14.6	0.589917	-0.807464	4.58973	-0.768423	4.65361
14.7	0.697588	-0.716499	4.67068	-1.17969	4.81736
14.8	0.748068	-0.663623	4.62245	-1.65819	4.91087
14.9	0.74817	-0.663507	4.44435	-2.19263	4.9558
15	0.697912	-0.716184	4.13328	-2.76514	4.97293
15.1	0.590494	-0.807042	3.68024	-3.3474	4.97487
15.2	0.420023	-0.907513	3.07525	-3.89913	4.96592
15.3	0.193328	-0.981134	2.31632	-4.37125	4.94704
15.4	-0.0630227	-0.998012	1.41754	-4.71392	4.92244
15.5	-0.309407	-0.95093	0.411759	-4.88538	4.9027
15.6	-0.510776	-0.859714	-0.651407	-4.85724	4.90073
15.7	-0.650318	-0.759662	-1.70896	-4.61703	4.92316
15.8	-0.728835	-0.68469	-2.68891	-4.17154	4.96306
15.9	-0.754023	-0.656848	-3.51752	-3.54875	4.99665
16	-0.72988	-0.683575	-4.12746	-2.7946	4.98455
16.1	-0.65257	-0.757728	-4.46533	-1.96722	4.87946
16.2	-0.514398	-0.857552	-4.50497	-1.132	4.64502
16.3	-0.314303	-0.949323	-4.26948	-0.352204	4.28399
16.4	-0.0686615	-0.99764	-3.84233	0.328791	3.85637
16.5	0.187802	-0.982207	-3.34317	0.897211	3.46147
16.6	0.415403	-0.909638	-2.88182	1.35495	3.18445
16.7	0.587181	-0.809456	-2.52895	1.69847	3.04638
16.8	0.695909	-0.71813	-2.31683	1.91311	3.00461
16.9	0.747311	-0.664474	-2.25384	1.97998	3.00001
17	0.748257	-0.663408	-2.33672	1.88275	3.00083
17.1	0.698906	-0.715213	-2.55556	1.61039	3.02064
17.2	0.592545	-0.805538	-2.89213	1.15839	3.11549
17.3	0.423191	-0.906041	-3.31052	0.529023	3.35252
17.4	0.197374	-0.980328	-3.73873	-0.2682	3.74833
17.5	-0.0586867	-0.998276	-4.05324	-1.20685	4.2291
17.6	-0.3055	-0.952192	-4.09956	-2.21912	4.66164
17.7	-0.507814	-0.861467	-3.7644	-3.1841	4.93044
17.8	-0.648452	-0.761256	-3.04412	-3.9645	4.99839
17.9	-0.727963	-0.685617	-2.04001	-4.46431	4.90833
18	-0.754014	-0.656858	-0.900268	-4.65418	4.74045
18.1	-0.730714	-0.682684	0.233403	-4.56475	4.57072
18.2	-0.654341	-0.7562	1.25799	-4.26946	4.45093
18.3	-0.517175	-0.85588	2.12429	-3.85966	4.40563
18.4	-0.317938	-0.948112	2.83083	-3.41494	4.4357
18.5	-0.0726856	-0.997355	3.39904	-2.98409	4.52308
18.6	0.18404	-0.982919	3.84815	-2.58739	4.63711
18.7	0.412443	-0.910983	4.18785	-2.23245	4.74573
18.8	0.585252	-0.810852	4.42637	-1.927	4.82764
18.9	0.694963	-0.719046	4.57746	-1.68144	4.87652
19	0.747208	-0.664591	4.65782	-1.5055	4.89508
19.1	0.748933	-0.662646	4.67943	-1.40507	4.88583
19.2	0.700428	-0.713723	4.64433	-1.38131	4.84539
19.3	0.595033	-0.803701	4.54546	-1.43148	4.76554
19.4	0.426645	-0.904419	4.37398	-1.55139	4.64096
19.5	0.2015	-0.979488	4.12865	-1.73944	4.48011
19.6	-0.0544697	-0.998515	3.81779	-2.00133	4.31055
19.7	-0.301822	-0.953364	3.44626	-2.35046	4.17149
19.8	-0.505073	-0.863076	2.99615	-2.79735	4.09904
19.9	-0.64673	-0.762719	2.42199	-3.32844	4.11638
20	-0.72715	-0.686479	1.6715	-3.88749	4.23161
20.1	-0.75399	-0.656886	0.72146	-4.37482	4.43391
20.2	-0.731472	-0.681872	-0.392093	-4.66745	4.68389
20.3	-0.655986	-0.754773	-1.56304	-4.65057	4.90621
20.4	-0.519813	-0.85428	-2.62696	-4.25427	4.99997
20.5	-0.321497	-0.946911	-3.40482	-3.49506	4.87938
20.6	-0.0767958	-0.997047	-3.78586	-2.49465	4.53388
20.7	0.179973	-0.983672	-3.795	-1.43039	4.05562
20.8	0.408987	-0.91254	-3.56417	-0.449955	3.59246
20.9	0.582714	-0.812677	-3.24002	0.364908	3.2605
21	0.693365	-0.720586	-2.92682	0.98067	3.08674
21.1	0.746437	-0.665456	-2.68568	1.38895	3.02358
21.2	0.748917	-0.662664	-2.5524	1.59595	3.01028
21.3	0.701219	-0.712946	-2.54956	1.61781	3.01953
21.4	0.596769	-0.802413	-2.69002	1.47728	3.06897
21.5	0.429393	-0.903118	-2.97315	1.1999	3.20615
21.6	0.205073	-0.978747	-3.37416	0.807046	3.46934
21.7	-0.0505657	-0.998721	-3.831	0.308298	3.84339
21.8	-0.298215	-0.954499	-4.24363	-0.295946	4.25394
21.9	-0.502239	-0.864729	-4.50005	-0.997014	4.60918
22	-0.644842	-0.764316	-4.51806	-1.7634	4.85
22.1	-0.726157	-0.687529	-4.26843	-2.54557	4.96985
22.2	-0.753803	-0.657101	-3.76566	-3.28934	5
22.3	-0.732101	-0.681196	-3.04776	-3.94275	4.98338
22.4	-0.657567	-0.753396	-2.16454	-4.45867	4.9563
22.5	-0.52248	-0.852651	-1.1738	-4.79927	4.94073
22.6	-0.325168	-0.945656	-0.137603	-4.94126	4.94317
22.7	-0.0810243	-0.996712	0.882561	-4.87892	4.9581
22.8	0.175889	-0.98441	1.83122	-4.62582	4.9751
22.9	0.40567	-0.91402	2.66502	-4.21483	4.98669
23	0.580455	-0.814292	3.3578	-3.69289	4.99122
23.1	0.692142	-0.721761	3.90027	-3.11088	4.98896
23.2	0.74611	-0.665822	4.29368	-2.51372	4.97539
23.3	0.749414	-0.662102	4.54132	-1.93547	4.93656
23.4	0.702606	-0.711579	4.64298	-1.39968	4.84936
23.5	0.599186	-0.80061	4.59732	-0.922857	4.68903
23.6	0.432869	-0.901457	4.41439	-0.517389	4.4446
23.7	0.209334	-0.977844	4.1313	-0.191604	4.13574
23.8	-0.0461262	-0.998936	3.81404	0.0494357	3.81436
23.9	-0.294294	-0.955715	3.53625	0.196208	3.54169
24	-0.499301	-0.866429	3.34895	0.224899	3.35649
24.1	-0.642999	-0.765867	3.26271	0.0975018	3.26417
24.2	-0.725293	-0.68844	3.24792	-0.226319	3.2558
24.3	-0.753786	-0.65712	3.24453	-0.773239	3.33539
24.4	-0.732921	-0.680314	3.1734	-1.54095	3.52774
24.5	-0.659332	-0.751852	2.9467	-2.4829	3.85329
24.6	-0.525291	-0.850923	2.47963	-3.49108	4.28208
24.7	-0.328906	-0.944363	1.71571	-4.38232	4.70621
24.8	-0.0852295	-0.996361	0.680764	-4.92233	4.96919
24.9	0.17188	-0.985118	-0.473578	-4.9327	4.95538
25	0.402413	-0.915458	-1.52917	-4.41817	4.67532
25.1	0.578193	-0.8159	-2.33262	-3.55946	4.25569
25.2	0.690837	-0.72301	-2.84958	-2.58457	3.8471
25.3	0.745622	-0.666369	-3.12605	-1.67145	3.54484
25.4	0.74966	-0.661823	-3.24155	-0.926897	3.37146
25.5	0.703632	-0.710565	-3.2841	-0.39747	3.30806
25.6	0.601107	-0.799169	-3.33454	-0.0845401	3.33561
25.7	0.43572	-0.900082	-3.4522	0.0401645	3.45244
25.8	0.2129	-0.977074	-3.66149	0.0174795	3.66153
25.9	-0.0423419	-0.999103	-3.94373	-0.116383	3.94544
26	-0.290883	-0.956759	-4.2431	-0.340321	4.25672
26.1	-0.496685	-0.867931	-4.49053	-0.646062	4.53676
26.2	-0.641306	-0.767285	-4.63275	-1.0287	4.74559
26.3	-0.724448	-0.689329	-4.64531	-1.48108	4.8757
26.4	-0.753686	-0.657234	-4.52406	-1.99301	4.9436
26.5	-0.733561	-0.679624	-4.26945	-2.54978	4.97288
26.6	-0.660824	-0.750541	-3.87732	-3.12838	4.98201
26.7	-0.527765	-0.849391	-3.3395	-3.69442	4.98005
26.8	-0.332333	-0.943162	-2.65089	-4.20265	4.96886
26.9	-0.089279	-0.996007	-1.81851	-4.60291	4.94912
27	0.167807	-0.98582	-0.867056	-4.84963	4.92653
27.1	0.398933	-0.91698	0.161401	-4.90992	4.91257
27.2	0.57566	-0.817689	1.21133	-4.76686	4.91836
27.3	0.689293	-0.724483	2.21798	-4.42085	4.94604
27.4	0.744953	-0.667117	3.1126	-3.89113	4.98289
27.5	0.749793	-0.661673	3.82923	-3.21453	4.99962
27.6	0.704623	-0.709582	4.31066	-2.44062	4.95363
27.7	0.603105	-0.797661	4.51617	-1.62707	4.80033
27.8	0.438804	-0.898583	4.4383	-0.835197	4.5162
27.9	0.216874	-0.9762	4.12379	-0.118286	4.12549
28	-0.0380137	-0.999277	3.67271	0.494217	3.70581
28.1	-0.286885	-0.957965	3.20297	0.996756	3.35448
28.2	-0.493528	-0.86973	2.80796	1.38863	3.13256
28.3	-0.639166	-0.769069	2.5397	1.65885	3.03346
28.4	-0.72325	-0.690586	2.41682	1.78731	3.00591
28.5	-0.753308	-0.657668	2.43892	1.75266	3.00336
28.6	-0.733981	-0.67917	2.59559	1.53757	3.01682
28.7	-0.662149	-0.749372	2.86827	1.13109	3.08324
28.8	-0.530124	-0.84792	3.2248	0.530677	3.26817
28.9	-0.335686	-0.941974	3.60495	-0.255427	3.61399
29	-0.0932561	-0.995642	3.90152	-1.19994	4.08188
29.1	0.163851	-0.986485	3.9642	-2.23443	4.55055
29.2	0.395628	-0.918411	3.65935	-3.231	4.88163
29.3	0.573342	-0.819316	2.95611	-4.03217	4.9997
29.4	0.687974	-0.725735	1.94891	-4.52179	4.92391
29.5	0.744497	-0.667626	0.798671	-4.66726	4.7351
29.6	0.750107	-0.661317	-0.337478	-4.51062	4.52323
29.7	0.705736	-0.708475	-1.34737	-4.14137	4.35504
29.8	0.605113	-0.796139	-2.18046	-3.66678	4.26611
29.9	0.441708	-0.897159	-2.84253	-3.18054	4.26565
30	0.220416	-0.975406	-3.36927	-2.7401	4.34283
30.1	-0.0343566	-0.99941	-3.79395	-2.36522	4.47083
30.2	-0.283699	-0.958913	-4.13071	-2.0546	4.61347
30.3	-0.491199	-0.871047	-4.38077	-1.80447	4.73785
30.4	-0.637782	-0.770217	-4.54718	-1.61674	4.82604
30.5	-0.722712	-0.69115	-4.64058	-1.49754	4.87623
30.6	-0.753502	-0.657446	-4.67363	-1.45279	4.89423
30.7	-0.734899	-0.678176	-4.65266	-1.48513	4.88394
30.8	-0.663888	-0.747832	-4.57361	-1.59287	4.84305
30.9	-0.532771	-0.846259	-4.42451	-1.77058	4.76563
31	-0.339145	-0.940734	-4.19314	-2.01159	4.65069
31.1	-0.0971424	-0.99527	-3.87413	-2.31223	4.51168
31.2	0.160112	-0.987099	-3.46647	-2.67467	4.37839
31.3	0.392544	-0.919733	-2.96011	-3.10142	4.28731
31.4	0.571161	-0.820838	-2.32611	-3.57871	4.26824
31.5	0.686689	-0.726951	-1.52782	-4.05801	4.33609
31.6	0.743991	-0.66819	-0.551133	-4.45272	4.4867
31.7	0.750308	-0.661089	0.566218	-4.65685	4.69115
31.8	0.706689	-0.707524	1.72461	-4.57584	4.89005
31.9	0.606941	-0.794747	2.77473	-4.15639	4.99748
32	0.444473	-0.895792	3.55246	-3.41381	4.92687
32.1	0.223962	-0.974598	3.94304	-2.44717	4.64071
32.2	-0.030471	-0.999536	3.94842	-1.40989	4.1926
32.3	-0.280055	-0.959984	3.686	-0.439956	3.71216
32.4	-0.488258	-0.872699	3.30969	0.382536	3.33172
32.5	-0.635723	-0.771917	2.93842	1.02405	3.11175
32.6	-0.721488	-0.692427	2.64144	1.47337	3.02457
32.7	-0.753009	-0.65801	2.4554	1.73074	3.00407
32.8	-0.735114	-0.677944	2.4009	1.80509	3.00377
32.9	-0.664903	-0.74693	2.48989	1.71219	3.02178
33	-0.534713	-0.845034	2.72551	1.4725	3.09785
33.1	-0.342004	-0.939698	3.09476	1.10693	3.28676
33.2	-0.100629	-0.994924	3.55486	0.629093	3.61009
33.3	0.156536	-0.987672	4.02192	0.0413112	4.02213
33.4	0.38944	-0.921052	4.38052	-0.654085	4.42909
33.5	0.568871	-0.822427	4.52181	-1.43418	4.7438
33.6	0.685277	-0.728282	4.38456	-2.2499	4.92812
33.7	0.743378	-0.668872	3.96481	-3.04003	4.99615
33.8	0.75044	-0.660939	3.29754	-3.74514	4.98997
33.9	0.707628	-0.706585	2.43737	-4.31325	4.95428
34	0.608826	-0.793304	1.44917	-4.70404	4.9222
34.1	0.44736	-0.894354	0.402064	-4.8941	4.91058
34.2	0.227626	-0.973749	-0.637462	-4.87908	4.92055
34.3	-0.0265761	-0.999647	-1.61129	-4.67234	4.94237
34.4	-0.27658	-0.960991	-2.47392	-4.3034	4.96382
34.5	-0.485652	-0.874152	-3.19648	-3.81548	4.97749
34.6	-0.634111	-0.773242	-3.76832	-3.25855	4.9818
34.7	-0.720776	-0.693168	-4.19262	-2.6797	4.97583
34.8	-0.753078	-0.657931	-4.47785	-2.11605	4.95265
34.9	-0.735951	-0.677035	-4.62966	-1.59303	4.89607
35	-0.666611	-0.745406	-4.64838	-1.12685	4.78302
35.1	-0.537399	-0.843328	-4.53575	-0.728405	4.59386
35.2	-0.34559	-0.938386	-4.30993	-0.405452	4.32896
35.3	-0.104715	-0.994502	-4.01736	-0.163109	4.02067
35.4	0.152583	-0.988291	-3.72543	-0.00796596	3.72544
35.5	0.386198	-0.922416	-3.49565	0.0425971	3.49591
35.6	0.566623	-0.823977	-3.3567	-0.0445456	3.357
35.7	0.684008	-0.729474	-3.294	-0.310569	3.3086
35.8	0.742952	-0.669345	-3.25528	-0.788286	3.34936
35.9	0.750772	-0.660561	-3.16341	-1.48467	3.49449
36	0.708761	-0.705449	-2.93072	-2.36502	3.76596
36.1	0.610875	-0.791727	-2.47413	-3.33785	4.15483
36.2	0.450349	-0.892853	-1.73681	-4.24193	4.58372
36.3	0.231313	-0.972879	-0.729765	-4.8557	4.91024
36.4	-0.0227177	-0.999742	0.420929	-4.97506	4.99284
36.5	-0.273141	-0.961974	1.50118	-4.54691	4.78831
36.6	-0.483025	-0.875607	2.33392	-3.71547	4.3877
36.7	-0.632396	-0.774645	2.86568	-2.71461	3.94731
36.8	-0.719881	-0.694097	3.13981	-1.74422	3.59176
36.9	-0.752886	-0.65815	3.23792	-0.929138	3.3686
37	-0.736435	-0.676509	3.24841	-0.328606	3.26499
37.1	-0.667851	-0.744295	3.25327	0.0461716	3.25359
37.2	-0.539494	-0.84199	3.31794	0.21642	3.32499
37.3	-0.348494	-0.937311	3.48022	0.220691	3.48721
37.4	-0.108122	-0.994138	3.73964	0.098901	3.74095
37.5	0.149191	-0.988808	4.05398	-0.121257	4.05579
37.6	0.383326	-0.923613	4.35245	-0.427597	4.37341
37.7	0.564552	-0.825398	4.56454	-0.815024	4.63673
37.8	0.682766	-0.730637	4.64537	-1.2763	4.81751
37.9	0.742443	-0.669909	4.57952	-1.79989	4.92053
38	0.750933	-0.660379	4.36697	-2.37042	4.96884
38.1	0.709637	-0.704567	4.00878	-2.96635	4.98694
38.2	0.612598	-0.790394	3.5022	-3.5563	4.99126
38.3	0.453008	-0.891506	2.84478	-4.09766	4.98835
38.4	0.23478	-0.972048	2.04259	-4.54022	4.97853
38.5	-0.0188711	-0.999822	1.11753	-4.835	4.96247
38.6	-0.269525	-0.962994	0.109241	-4.94502	4.94623
38.7	-0.480139	-0.877192	-0.929019	-4.85193	4.94007
38.8	-0.630442	-0.776236	-1.9366	-4.55697	4.9514
38.9	-0.718813	-0.695204	-2.85103	-4.07952	4.97704
39	-0.752593	-0.658485	-3.61311	-3.45445	4.99878
39.1	-0.736896	-0.676006	-4.1709	-2.72726	4.9834
39.2	-0.669167	-0.743112	-4.48305	-1.94907	4.88841
39.3	-0.541798	-0.840509	-4.52788	-1.17388	4.67757
39.4	-0.351769	-0.936087	-4.32254	-0.453418	4.34626
39.5	-0.112044	-0.993703	-3.93737	0.175447	3.94127
39.6	0.145217	-0.9894	-3.48083	0.699324	3.55038
39.7	0.379902	-0.925027	-3.05913	1.11779	3.25695
39.8	0.562023	-0.827122	-2.74414	1.42438	3.09179
39.9	0.681174	-0.732121	-2.56856	1.6001	3.02619
40	0.741677	-0.670757	-2.53764	1.61968	3.01048
40.1	0.750907	-0.660408	-2.64123	1.45935	3.01759
40.2	0.710386	-0.703812	-2.85923	1.10114	3.06394
40.3	0.614247	-0.789114	-3.15985	0.536108	3.205
40.4	0.455633	-0.890168	-3.48977	-0.23151	3.49744
40.5	0.238218	-0.971212	-3.75653	-1.17603	3.93632
40.6	-0.0151011	-0.999886	-3.82118	-2.23024	4.42441
40.7	-0.26606	-0.963956	-3.53976	-3.2624	4.81386
40.8	-0.477467	-0.87865	-2.85448	-4.09576	4.99233
40.9	-0.628723	-0.777629	-1.84608	-4.58788	4.94537
41	-0.717965	-0.696079	-0.685063	-4.69594	4.74565
41.1	-0.752485	-0.658609	0.455188	-4.47194	4.49505
41.2	-0.737484	-0.675365	1.45221	-4.02279	4.27688
41.3	-0.670514	-0.741897	2.25274	-3.47221	4.13897
41.4	-0.543973	-0.839103	2.8673	-2.92793	4.09807
41.5	-0.354689	-0.934984	3.34417	-2.45762	4.15011
41.6	-0.115366	-0.993323	3.73302	-2.08417	4.27542
41.7	0.142019	-0.989864	4.05891	-1.80103	4.44054
41.8	0.377306	-0.926089	4.32111	-1.5942	4.60581
41.9	0.560264	-0.828314	4.51071	-1.45599	4.73987
42	0.680244	-0.732986	4.62646	-1.3867	4.82981
42.1	0.741462	-0.670995	4.67624	-1.39036	4.87856
42.2	0.751338	-0.659918	4.66838	-1.47032	4.89445
42.3	0.711502	-0.702684	4.60336	-1.62652	4.88226
42.4	0.61615	-0.787629	4.47132	-1.85424	4.84055
42.5	0.458353	-0.88877	4.25611	-2.14457	4.76589
42.6	0.241569	-0.970384	3.94287	-2.48709	4.66174
42.7	-0.0115513	-0.999933	3.5225	-2.87356	4.54592
42.8	-0.26283	-0.964842	2.98665	-3.29741	4.44893
42.9	-0.474934	-0.880021	2.3183	-3.74321	4.40297
43	-0.627019	-0.779004	1.49433	-4.17015	4.42981
43.1	-0.717033	-0.697039	0.507494	-4.505	4.53349
43.2	-0.752228	-0.658902	-0.606472	-4.65625	4.69558
43.3	-0.73788	-0.674932	-1.75717	-4.54288	4.87088
43.4	-0.671648	-0.740871	-2.80992	-4.12137	4.98812
43.5	-0.545962	-0.83781	-3.61371	-3.4047	4.96497
43.6	-0.357536	-0.933899	-4.04948	-2.47324	4.74502
43.7	-0.118824	-0.992915	-4.09155	-1.45921	4.34397
43.8	0.138437	-0.990371	-3.83055	-0.493233	3.86217
43.9	0.374129	-0.927377	-3.41877	0.343011	3.43594
44	0.557827	-0.829957	-2.99116	1.01523	3.15875
44.1	0.678618	-0.734491	-2.6315	1.5112	3.03455
44.2	0.740565	-0.671984	-2.38263	1.82715	3.00256
44.3	0.751094	-0.660196	-2.26599	1.96606	3.00002
44.4	0.711935	-0.702245	-2.29324	1.93763	3.00222
44.5	0.617375	-0.786669	-2.46948	1.75721	3.03086
44.6	0.46046	-0.88768	-2.78994	1.4436	3.1413
44.7	0.244458	-0.96966	-3.22941	1.01332	3.38466
44.8	-0.00825465	-0.999966	-3.72728	0.472743	3.75714
44.9	-0.259663	-0.965699	-4.1818	-0.180287	4.18568
45	-0.472356	-0.881408	-4.47196	-0.937798	4.56923
45.1	-0.625239	-0.780433	-4.50252	-1.76365	4.83561
45.2	-0.716042	-0.698057	-4.23603	-2.59797	4.96925
45.3	-0.751948	-0.659223	-3.68874	-3.37496	4.99972
45.4	-0.738302	-0.67447	-2.90867	-4.03446	4.97365
45.5	-0.672868	-0.739763	-1.96005	-4.527	4.9331
45.6	-0.548092	-0.836418	-0.915336	-4.81952	4.90568
45.7	-0.360527	-0.932749	0.152502	-4.89971	4.90209
45.8	-0.122328	-0.99249	1.17775	-4.77532	4.91841
45.9	0.134997	-0.990846	2.10707	-4.47092	4.94256
46	0.37129	-0.928517	2.90299	-4.02537	4.96296
46.1	0.555869	-0.83127	3.54672	-3.48736	4.97402
46.2	0.677545	-0.735481	4.0367	-2.90713	4.97457
46.3	0.740261	-0.67232	4.38167	-2.32766	4.96155
46.4	0.751483	-0.659753	4.59134	-1.78024	4.92439
46.5	0.713057	-0.701106	4.6702	-1.28506	4.84378
46.6	0.619343	-0.78512	4.61874	-0.854777	4.69717
46.7	0.46332	-0.886191	4.44443	-0.497865	4.47222
46.8	0.248014	-0.968756	4.17724	-0.21961	4.183
46.9	-0.00448504	-0.99999	3.87452	-0.0236129	3.87459
47	-0.256274	-0.966604	3.60413	0.0809218	3.60503
47.1	-0.469775	-0.882786	3.41511	0.0699322	3.41583
47.2	-0.623593	-0.78175	3.31705	-0.0952326	3.31842
47.3	-0.715243	-0.698876	3.27732	-0.455067	3.30876
47.4	-0.751875	-0.659305	3.23053	-1.03402	3.39198
47.5	-0.738926	-0.673787	3.09231	-1.8234	3.58987
47.6	-0.674267	-0.738488	2.77392	-2.7658	3.91718
47.7	-0.550357	-0.834929	2.19926	-3.74003	4.33873
47.8	-0.363587	-0.93156	1.33398	-4.55347	4.74485
47.9	-0.125836	-0.992051	0.235846	-4.97567	4.98125
48	0.131579	-0.991306	-0.918418	-4.85103	4.93721
48.1	0.368445	-0.92965	-1.91111	-4.21653	4.62942
48.2	0.553832	-0.832628	-2.61386	-3.27511	4.1903
48.3	0.676315	-0.736613	-3.02284	-2.25855	3.7734
48.4	0.739724	-0.67291	-3.2049	-1.33622	3.4723
48.5	0.751558	-0.659667	-3.24804	-0.602858	3.30351
48.6	0.713764	-0.700386	-3.24011	-0.0947076	3.2415
48.7	0.620776	-0.783988	-3.25797	0.193429	3.26371
48.8	0.465531	-0.885031	-3.3571	0.29289	3.36985
48.9	0.25087	-0.968021	-3.56061	0.245497	3.56906
49	-0.00135663	-0.999999	-3.85066	0.0875822	3.85166
49.1	-0.253363	-0.967371	-4.17113	-0.160448	4.17421
49.2	-0.467467	-0.884011	-4.4482	-0.491889	4.47531
49.3	-0.622039	-0.782987	-4.62024	-0.902993	4.70765
49.4	-0.714404	-0.699733	-4.65509	-1.38603	4.85705
49.5	-0.751664	-0.659546	-4.54491	-1.92892	4.9373
49.6	-0.739325	-0.673349	-4.29017	-2.51495	4.97298
49.7	-0.675362	-0.737487	-3.88879	-3.11948	4.98536
49.8	-0.552271	-0.833665	-3.33535	-3.70672	4.98642
49.9	-0.366342	-0.93048	-2.62766	-4.22994	4.97966
50	-0.129205	-0.991618	-1.77558	-4.63709	4.96541
50.1	0.128078	-0.991764	-0.806994	-4.88093	4.9472
50.2	0.365361	-0.930866	0.232502	-4.92866	4.93414
50.3	0.551523	-0.834159	1.28465	-4.7664	4.93649
50.4	0.674856	-0.73795	2.28437	-4.39985	4.95752
50.5	0.739029	-0.673674	3.16563	-3.85355	4.98709
50.6	0.751549	-0.659677	3.86738	-3.16798	4.99927
50.7	0.714472	-0.699664	4.33797	-2.39384	4.95464
50.8	0.622324	-0.782759	4.54058	-1.58731	4.81003
50.9	0.46801	-0.883723	4.46726	-0.80629	4.53944
51	0.254161	-0.967162	4.1592	-0.100761	4.16042
51.1	0.00232981	-0.999997	3.70975	0.501681	3.74352
51.2	-0.249864	-0.968281	3.23408	0.996958	3.38425
51.3	-0.46463	-0.885505	2.82756	1.38639	3.14915
51.4	-0.62006	-0.784554	2.54573	1.6604	3.03935
51.5	-0.713244	-0.700916	2.40967	1.79856	3.00688
51.6	-0.751215	-0.660058	2.41993	1.77795	3.00285
51.7	-0.739548	-0.673103	2.56616	1.57906	3.01308
51.8	-0.676334	-0.736595	2.82982	1.18873	3.06936
51.9	-0.55411	-0.832443	3.17974	0.602264	3.23627
52	-0.369048	-0.92941	3.55896	-0.173925	3.56321
52.1	-0.132513	-0.991181	3.86558	-1.11479	4.02311
52.2	0.124693	-0.992195	3.95177	-2.15558	4.50145
52.3	0.362458	-0.932	3.67728	-3.17074	4.85551
52.4	0.549437	-0.835535	2.99823	-3.99836	4.99762
52.5	0.673628	-0.73907	2.00093	-4.51243	4.93617
52.6	0.73855	-0.674199	0.847442	-4.67272	4.74894
52.7	0.751723	-0.659479	-0.299187	-4.51896	4.52885
52.8	0.715304	-0.698813	-1.32047	-4.14201	4.3474
52.9	0.623886	-0.781516	-2.16106	-3.65276	4.24416
53	0.470316	-0.882498	-2.82497	-3.1499	4.23111
53.1	0.257029	-0.966404	-3.34984	-2.69571	4.2998
53.2	0.00535112	-0.999986	-3.77315	-2.31258	4.42546
53.3	-0.247179	-0.96897	-4.11229	-1.99898	4.5724
53.4	-0.46263	-0.886552	-4.36852	-1.74913	4.70568
53.5	-0.618846	-0.785512	-4.54257	-1.56291	4.80392
53.6	-0.712745	-0.701424	-4.64296	-1.44531	4.86272
53.7	-0.75133	-0.659927	-4.6819	-1.40197	4.8873
53.8	-0.740257	-0.672324	-4.6667	-1.43588	4.88261
53.9	-0.677706	-0.735333	-4.59471	-1.54593	4.84781
54	-0.556225	-0.831032	-4.45456	-1.72711	4.77766
54.1	-0.371854	-0.928291	-4.23314	-1.97254	4.67016
54.2	-0.135725	-0.990747	-3.92313	-2.27742	4.53626
54.3	0.121536	-0.992587	-3.52244	-2.64227	4.40331
54.4	0.359792	-0.933032	-3.02217	-3.069	4.30723
54.5	0.547499	-0.836806	-2.39575	-3.54554	4.27908
54.6	0.672439	-0.740152	-1.60717	-4.027	4.33587
54.7	0.738019	-0.67478	-0.639676	-4.43004	4.47598
54.8	0.75178	-0.659414	0.473797	-4.64974	4.67382
54.9	0.715971	-0.69813	1.63847	-4.5903	4.87396
55	0.62526	-0.780416	2.70835	-4.1952	4.99348
55.1	0.472472	-0.881346	3.51864	-3.47381	4.94451
55.2	0.25988	-0.965641	3.94643	-2.51786	4.68123
55.3	0.00857354	-0.999963	3.97996	-1.47755	4.24538
55.4	-0.244058	-0.969761	3.72757	-0.494212	3.76019
55.5	-0.460027	-0.887905	3.34449	0.347273	3.36247
55.6	-0.616956	-0.786998	2.95617	1.01099	3.12427
55.7	-0.711556	-0.702629	2.63733	1.48483	3.02659
55.8	-0.750757	-0.660578	2.42742	1.76825	3.00318
55.9	-0.740265	-0.672315	2.34831	1.86948	3.00158
56	-0.678358	-0.734731	2.41289	1.8038	3.0126
56.1	-0.557633	-0.830088	2.62596	1.59163	3.07066
56.2	-0.374045	-0.927411	2.97834	1.25468	3.23183
56.3	-0.13851	-0.990361	3.43423	0.808388	3.5281
56.4	0.118574	-0.992945	3.91873	0.255585	3.92705
56.5	0.35713	-0.934055	4.32208	-0.405711	4.34108
56.6	0.545464	-0.838134	4.53237	-1.16158	4.67885
56.7	0.671127	-0.741342	4.47731	-1.97137	4.8921
56.8	0.737381	-0.675477	4.14037	-2.77778	4.98585
56.9	0.751768	-0.659428	3.54634	-3.52131	4.99761
57	0.716623	-0.69746	2.74193	-4.14683	4.97135
57.1	0.626694	-0.779265	1.78603	-4.60757	4.94162
57.2	0.474758	-0.880117	0.74497	-4.87098	4.92762
57.3	0.26287	-0.964831	-0.313384	-4.9231	4.93307
57.4	0.0118397	-0.99993	-1.326	-4.76957	4.95046
57.5	-0.24107	-0.970508	-2.24033	-4.43504	4.96877
57.6	-0.457731	-0.889091	-3.01972	-3.96093	4.98073
57.7	-0.615495	-0.788141	-3.64642	-3.39841	4.98453
57.8	-0.710867	-0.703326	-4.11857	-2.79798	4.97909
57.9	-0.750736	-0.660603	-4.44215	-2.20121	4.95762
58	-0.740885	-0.671632	-4.62243	-1.63787	4.90403
58.1	-0.679695	-0.733494	-4.66021	-1.12779	4.79474
58.2	-0.559787	-0.828637	-4.55719	-0.684599	4.60833
58.3	-0.376982	-0.926221	-4.33044	-0.317823	4.34209
58.4	-0.141933	-0.989876	-4.02568	-0.0325244	4.02581
58.5	0.115183	-0.993344	-3.71261	0.167701	3.71639
58.6	0.354284	-0.935138	-3.4596	0.270791	3.47018
58.7	0.543442	-0.839447	-3.30586	0.248137	3.31516
58.8	0.669945	-0.742411	-3.24899	0.0588084	3.24952
58.9	0.736927	-0.675973	-3.24861	-0.336128	3.26595
59	0.751956	-0.659213	-3.23693	-0.957179	3.37549
59.1	0.717475	-0.696584	-3.12992	-1.79093	3.60608
59.2	0.628304	-0.777968	-2.83802	-2.77412	3.96864
59.3	0.477167	-0.878813	-2.28062	-3.77616	4.41142
59.4	0.265908	-0.963998	-1.41966	-4.59151	4.80598
59.5	0.0150827	-0.999886	-0.318842	-4.98592	4.99611
59.6	-0.238131	-0.971233	0.835556	-4.82444	4.89626
59.7	-0.455452	-0.89026	1.8292	-4.1736	4.55686
59.8	-0.613982	-0.78932	2.5433	-3.24524	4.1231
59.9	-0.71005	-0.704151	2.97449	-2.26112	3.73634
60	-0.750506	-0.660863	3.18446	-1.37923	3.47031
60.1	-0.741204	-0.67128	3.25876	-0.687155	3.33042
60.2	-0.680616	-0.73264	3.28588	-0.215975	3.29297
60.3	-0.561391	-0.82755	3.34246	0.0441772	3.34276
60.4	-0.379255	-0.925292	3.47957	0.128011	3.48193
60.5	-0.144656	-0.989482	3.71043	0.0774237	3.71124
60.6	0.112412	-0.993662	4.00547	-0.0749077	4.00617
60.7	0.351886	-0.936043	4.30305	-0.31291	4.31441
60.8	0.541673	-0.840589	4.53621	-0.631601	4.57997
60.9	0.668852	-0.743395	4.65877	-1.02725	4.77068
61	0.736439	-0.676504	4.65221	-1.49305	4.88592
61.1	0.752013	-0.659148	4.5139	-2.01864	4.94471
61.2	0.718101	-0.695939	4.24223	-2.58816	4.96942
61.3	0.629601	-0.776919	3.83	-3.17638	4.97577
61.4	0.479222	-0.877694	3.26707	-3.74613	4.97063
61.5	0.268661	-0.963235	2.54858	-4.24987	4.95547
61.6	0.0182314	-0.999834	1.68388	-4.63654	4.93284
61.7	-0.235066	-0.971979	0.701063	-4.86089	4.91119
61.8	-0.452915	-0.891554	-0.354012	-4.89033	4.90313
61.9	-0.612189	-0.790712	-1.42123	-4.70804	4.91788
62	-0.708995	-0.705214	-2.4304	-4.31586	4.95313
62.1	-0.750102	-0.661322	-3.3078	-3.73674	4.99047
62.2	-0.741418	-0.671044	-3.98432	-3.01275	4.99514
62.3	-0.68152	-0.7318	-4.4026	-2.1993	4.92136
62.4	-0.563105	-0.826385	-4.52734	-1.36007	4.72722
62.5	-0.381807	-0.924242	-4.36518	-0.559949	4.40095
62.6	-0.147834	-0.989012	-3.98204	0.150663	3.98489
62.7	0.109071	-0.994034	-3.4906	0.750209	3.57031
62.8	0.3489	-0.93716	-3.00746	1.23882	3.25261
62.9	0.539379	-0.842063	-2.61595	1.61637	3.07504
63	0.667329	-0.744763	-2.35861	1.87128	3.01077
63.1	0.73561	-0.677405	-2.24958	1.98504	3.00017
63.2	0.751797	-0.659394	-2.28838	1.94009	3.00011
63.3	0.718508	-0.695518	-2.46709	1.72356	3.00952
63.4	0.63073	-0.776002	-2.77072	1.32879	3.07287
63.5	0.481159	-0.876633	-3.17052	0.755914	3.25939
63.6	0.271324	-0.962488	-3.60824	0.011653	3.60826
63.7	0.02128	-0.999774	-3.97708	-0.885373	4.07444
63.8	-0.232145	-0.972681	-4.12697	-1.88392	4.53663
63.9	-0.450567	-0.892743	-3.92237	-2.87934	4.86576
64	-0.610613	-0.791929	-3.32094	-3.73372	4.99693
64.1	-0.708164	-0.706048	-2.39479	-4.33307	4.95081
64.2	-0.749913	-0.661536	-1.28304	-4.62585	4.80049
64.3	-0.741824	-0.670595	-0.133443	-4.62406	4.62598
64.4	-0.682561	-0.730829	0.936038	-4.38872	4.48743
64.5	-0.564838	-0.825201	1.85797	-4.00796	4.41767
64.6	-0.384174	-0.923261	2.61691	-3.56778	4.42462
64.7	-0.150562	-0.988601	3.22942	-3.12769	4.49573
64.8	0.106418	-0.994321	3.71688	-2.71612	4.60353
64.9	0.346735	-0.937963	4.09167	-2.34348	4.71526
65	0.537917	-0.842998	4.36169	-2.0172	4.80556
65.1	0.666574	-0.745439	4.53907	-1.74731	4.86377
65.2	0.735465	-0.677563	4.64044	-1.54428	4.89065
65.3	0.752195	-0.658941	4.68001	-1.41541	4.88937
65.4	0.719471	-0.694523	4.66317	-1.36331	4.85837
65.5	0.632338	-0.774693	4.5853	-1.38632	4.79029
65.6	0.483444	-0.875375	4.43741	-1.48051	4.67787
65.7	0.274139	-0.96169	4.21566	-1.64317	4.52458
65.8	0.0242641	-0.999706	3.92673	-1.87764	4.35255
65.9	-0.229438	-0.973323	3.57917	-2.19584	4.19906
66	-0.448463	-0.893801	3.16386	-2.61168	4.10255
66.1	-0.609221	-0.793	2.64255	-3.12238	4.09051
66.2	-0.707429	-0.706785	1.96062	-3.68697	4.17586
66.3	-0.749741	-0.661732	1.0803	-4.21855	4.35468
66.4	-0.74218	-0.670201	0.0149493	-4.59789	4.59792
66.5	-0.683499	-0.729951	-1.15284	-4.70232	4.84158
66.6	-0.566442	-0.824102	-2.27486	-4.44091	4.98966
66.7	-0.386444	-0.922313	-3.1686	-3.79627	4.94486
66.8	-0.153319	-0.988177	-3.68977	-2.85727	4.66673
66.9	0.103534	-0.994626	-3.81586	-1.79362	4.21637
67	0.344134	-0.93892	-3.65236	-0.771535	3.73296
67.1	0.535883	-0.844292	-3.34985	0.104952	3.3515
67.2	0.665184	-0.746679	-3.02827	0.789021	3.12938
67.3	0.734664	-0.678431	-2.76111	1.26567	3.03738
67.4	0.751916	-0.659259	-2.59105	1.53724	3.01274
67.5	0.719721	-0.694264	-2.54464	1.61743	3.01518
67.6	0.633201	-0.773987	-2.63826	1.52765	3.04863
67.7	0.485004	-0.874512	-2.87652	1.29348	3.15396
67.8	0.276347	-0.961058	-3.24369	0.938765	3.37681
67.9	0.0268561	-0.999639	-3.69048	0.477309	3.72122
68	-0.226875	-0.973924	-4.12777	-0.0890193	4.12873
68.1	-0.446313	-0.894877	-4.44392	-0.756672	4.50788
68.2	-0.607682	-0.79418	-4.54447	-1.50247	4.7864
68.3	-0.706517	-0.707696	-4.38363	-2.28213	4.9421
68.4	-0.749399	-0.662119	-3.96383	-3.04275	4.99703
68.5	-0.742397	-0.669961	-3.31622	-3.73189	4.99243
68.6	-0.684352	-0.729152	-2.48597	-4.30045	4.96729
68.7	-0.568047	-0.822996	-1.52723	-4.70629	4.94789
68.8	-0.388813	-0.921317	-0.500248	-4.91976	4.94513
68.9	-0.156213	-0.987723	0.532923	-4.92791	4.95665
69	0.100586	-0.994928	1.51379	-4.73697	4.97297
69.1	0.341619	-0.939838	2.39359	-4.37341	4.98558
69.2	0.534085	-0.845431	3.13939	-3.88062	4.99149
69.3	0.664142	-0.747607	3.73598	-3.30961	4.99109
69.4	0.734286	-0.67884	4.18121	-2.70831	4.98171
69.5	0.752128	-0.659017	4.47779	-2.11485	4.95209
69.6	0.720542	-0.693411	4.62635	-1.55637	4.88112
69.7	0.634727	-0.772737	4.62498	-1.05177	4.74307
69.8	0.487291	-0.873239	4.47896	-0.615188	4.52101
69.9	0.279273	-0.960212	4.21691	-0.256639	4.22471
70	0.030046	-0.999549	3.89837	0.018337	3.89841
70.1	-0.223926	-0.974606	3.59874	0.203208	3.60447
70.2	-0.444	-0.896027	3.3793	0.279722	3.39086
70.3	-0.606152	-0.795349	3.26445	0.213824	3.27145
70.4	-0.705716	-0.708495	3.2373	-0.035723	3.2375
70.5	-0.749222	-0.662319	3.24757	-0.50217	3.28617
70.6	-0.742805	-0.669508	3.22246	-1.1955	3.43707
70.7	-0.685402	-0.728165	3.07651	-2.08759	3.71792
70.8	-0.569823	-0.821768	2.72111	-3.09548	4.12146
70.9	-0.391282	-0.920271	2.08213	-4.06388	4.56622
71	-0.159113	-0.98726	1.14454	-4.76886	4.90428
71.1	0.0977072	-0.995215	0.011768	-4.99429	4.99431
71.2	0.339188	-0.940718	-1.10852	-4.66954	4.79932
71.3	0.532324	-0.84654	-2.02554	-3.92182	4.41401
71.4	0.66306	-0.748566	-2.65986	-2.97527	3.99087
71.5	0.733788	-0.679379	-3.03108	-2.03059	3.64839
71.6	0.752134	-0.65901	-3.2083	-1.22019	3.43251
71.7	0.721054	-0.692879	-3.27812	-0.611559	3.33468
71.8	0.635813	-0.771843	-3.3261	-0.221174	3.33345
71.9	0.489003	-0.872282	-3.42124	-0.0296729	3.42137
72	0.281521	-0.959555	-3.60135	0.00132014	3.60135
72.1	0.0325511	-0.99947	-3.86242	-0.08885	3.86344
72.2	-0.221554	-0.975148	-4.15957	-0.273715	4.16857
72.3	-0.442087	-0.896972	-4.42628	-0.541725	4.45931
72.4	-0.604842	-0.796346	-4.60379	-0.888033	4.68866
72.5	-0.704989	-0.709218	-4.66007	-1.30702	4.83989
72.6	-0.749007	-0.662562	-4.58672	-1.79038	4.92376
72.7	-0.743076	-0.669206	-4.3838	-2.32605	4.96268
72.8	-0.686219	-0.727395	-4.04802	-2.89496	4.97667
72.9	-0.571284	-0.820753	-3.57059	-3.46729	4.97707
73	-0.393423	-0.919357	-2.94288	-4.00161	4.96723
73.1	-0.161792	-0.986825	-2.16541	-4.44883	4.94784
73.2	0.094842	-0.995492	-1.25515	-4.7608	4.92347
73.3	0.336581	-0.941654	-0.247287	-4.89881	4.90505
73.4	0.530302	-0.847809	0.807457	-4.8382	4.90511
73.5	0.661724	-0.749748	1.84634	-4.57031	4.92917
73.6	0.733085	-0.680137	2.79907	-4.10529	4.96873
73.7	0.751997	-0.659166	3.59484	-3.4731	4.99853
73.8	0.721496	-0.692419	4.16962	-2.71984	4.97828
73.9	0.63693	-0.770921	4.47353	-1.9025	4.86128
74	0.490888	-0.871223	4.4852	-1.08454	4.61446
74.1	0.284119	-0.958789	4.23378	-0.326177	4.24632
74.2	0.0355632	-0.999367	3.80721	0.332817	3.82172
74.3	-0.218599	-0.975815	3.32465	0.880359	3.43923
74.4	-0.439611	-0.898188	2.89115	1.31677	3.17689
74.5	-0.603048	-0.797705	2.57172	1.63557	3.04776
74.6	-0.703872	-0.710327	2.39424	1.81984	3.00735
74.7	-0.748481	-0.663156	2.36393	1.84939	3.0014
74.8	-0.743099	-0.669182	2.47465	1.70698	3.00627
74.9	-0.686839	-0.726809	2.71279	1.38092	3.04404
75	-0.572603	-0.819832	3.05444	0.866758	3.17503
75.1	-0.395473	-0.918478	3.45404	0.168367	3.45814
75.2	-0.164398	-0.986394	3.82522	-0.698434	3.88846
75.3	0.0920807	-0.995752	4.03131	-1.69038	4.37136
75.4	0.334135	-0.942525	3.92145	-2.71205	4.76791
75.5	0.528488	-0.848941	3.41321	-3.61993	4.97533
75.6	0.660617	-0.750723	2.54694	-4.27801	4.97879
75.7	0.732608	-0.680651	1.45646	-4.61461	4.839
75.8	0.752066	-0.659088	0.300659	-4.63354	4.64328
75.9	0.722102	-0.691787	-0.787158	-4.39613	4.46604
76	0.638126	-0.769932	-1.72571	-3.99674	4.35339
76.1	0.492691	-0.870204	-2.49208	-3.53313	4.32359
76.2	0.286396	-0.958111	-3.10557	-3.07814	4.37259
76.3	0.037991	-0.999278	-3.59734	-2.66792	4.47869
76.4	-0.216419	-0.976301	-3.98702	-2.31142	4.60858
76.5	-0.437976	-0.898987	-4.2809	-2.00891	4.72883
76.6	-0.602056	-0.798454	-4.48385	-1.76369	4.81825
76.7	-0.703471	-0.710724	-4.60718	-1.58312	4.87159
76.8	-0.748584	-0.66304	-4.66537	-1.4747	4.89289
76.9	-0.74368	-0.668536	-4.66804	-1.44274	4.88591
77	-0.687948	-0.72576	-4.61481	-1.48719	4.84852
77.1	-0.574306	-0.81864	-4.49641	-1.60418	4.77401
77.2	-0.397739	-0.917499	-4.30182	-1.78822	4.65869
77.3	-0.16701	-0.985955	-4.02663	-2.03635	4.51226
77.4	0.0894911	-0.995988	-3.67358	-2.35221	4.36211
77.5	0.33193	-0.943304	-3.23979	-2.7441	4.24574
77.6	0.526871	-0.849945	-2.70154	-3.21159	4.19674
77.7	0.659613	-0.751606	-2.01635	-3.72469	4.23544
77.8	0.732144	-0.68115	-1.1486	-4.21142	4.36524
77.9	0.752076	-0.659076	-0.103748	-4.56645	4.56763
78	0.722593	-0.691273	1.05008	-4.67784	4.79426
78.1	0.63917	-0.769066	2.18269	-4.45926	4.96479
78.2	0.494351	-0.869262	3.12505	-3.88247	4.98393
78.3	0.288623	-0.957443	3.72369	-3.00692	4.78617
78.4	0.0405583	-0.999177	3.91971	-1.97496	4.38915
78.5	-0.213874	-0.976861	3.78603	-0.948631	3.90306
78.6	-0.435796	-0.900045	3.47108	-0.0419698	3.47134
78.7	-0.600425	-0.799681	3.11193	0.689754	3.18746
78.8	-0.702402	-0.711781	2.79691	1.22595	3.0538
78.9	-0.748012	-0.663686	2.5749	1.56303	3.01217
79	-0.743567	-0.668662	2.4736	1.70827	3.00615
79.1	-0.688335	-0.725393	2.50984	1.67703	3.01857
79.2	-0.575284	-0.817954	2.69155	1.49025	3.07657
79.3	-0.39935	-0.916798	3.01268	1.1708	3.23218
79.4	-0.16914	-0.985592	3.44123	0.736391	3.51914
79.5	0.0871492	-0.996195	3.9062	0.193264	3.91098
79.6	0.329759	-0.944065	4.30008	-0.45773	4.32438
79.7	0.52516	-0.851004	4.50976	-1.2017	4.66712
79.8	0.658469	-0.752608	4.45957	-1.99827	4.8868
79.9	0.731543	-0.681795	4.13037	-2.79081	4.98484
80	0.751979	-0.659187	3.54644	-3.52117	4.99759
80.1	0.723024	-0.690823	2.75484	-4.13636	4.96977
80.2	0.640224	-0.768189	1.81428	-4.59201	4.93742
80.3	0.496103	-0.868264	0.789914	-4.85746	4.92127
80.4	0.290986	-0.956727	-0.252457	-4.91964	4.92611
80.5	0.0432033	-0.999066	-1.25218	-4.78351	4.94468
80.6	-0.211403	-0.977399	-2.15858	-4.47147	4.96523
80.7	-0.433865	-0.900978	-2.93579	-4.02194	4.97944
80.8	-0.599176	-0.800617	-3.56592	-3.48361	4.98511
80.9	-0.701795	-0.712379	-4.04688	-2.90564	4.98197
81	-0.747959	-0.663745	-4.38478	-2.32914	4.965
81.1	-0.744037	-0.668139	-4.58533	-1.78369	4.92004
81.2	-0.689382	-0.724398	-4.64938	-1.2887	4.82467
81.3	-0.576991	-0.81675	-4.57679	-0.857242	4.65638
81.4	-0.401708	-0.915768	-4.37992	-0.498867	4.40824
81.5	-0.171929	-0.985109	-4.09808	-0.220018	4.10398
81.6	0.0843411	-0.996437	-3.79623	-0.0263145	3.79633
81.7	0.327362	-0.944899	-3.54198	0.0690871	3.54266
81.8	0.523428	-0.85207	-3.37633	0.037817	3.37654
81.9	0.657433	-0.753513	-3.2983	-0.1601	3.30219
82	0.731115	-0.682255	-3.26708	-0.561962	3.31505
82.1	0.75208	-0.659072	-3.21316	-1.18523	3.42479
82.2	0.723659	-0.690157	-3.05177	-2.01157	3.65509
82.3	0.641465	-0.767152	-2.69629	-2.97155	4.01249
82.4	0.497991	-0.867182	-2.07545	-3.92943	4.44387
82.5	0.293399	-0.95599	-1.16717	-4.6798	4.82315
82.6	0.0458178	-0.99895	-0.0516207	-4.99776	4.99803
82.7	-0.208995	-0.977917	1.07886	-4.76492	4.88553
82.8	-0.43196	-0.901893	2.01957	-4.06259	4.53688
82.9	-0.597877	-0.801588	2.67009	-3.10818	4.09758
83	-0.701056	-0.713106	3.04327	-2.12025	3.70903
83.1	-0.747694	-0.664043	3.20924	-1.24942	3.44388
83.2	-0.744205	-0.667952	3.25474	-0.576212	3.30536
83.3	-0.690017	-0.723793	3.26524	-0.127188	3.26772
83.4	-0.57816	-0.815923	3.31341	0.109096	3.31521
83.5	-0.403417	-0.915016	3.44749	0.166901	3.45152
83.6	-0.174031	-0.98474	3.67967	0.0871652	3.6807
83.7	0.0821476	-0.99662	3.97984	-0.0977362	3.98104
83.8	0.325414	-0.945571	4.28395	-0.371089	4.29999
83.9	0.521952	-0.852975	4.51995	-0.726379	4.57794
84	0.656488	-0.754336	4.63613	-1.15741	4.77842
84.1	0.730655	-0.682747	4.61088	-1.65428	4.89866
84.2	0.752054	-0.659102	4.44187	-2.20354	4.9584
84.3	0.72408	-0.689716	4.13043	-2.78656	4.98251
84.4	0.642412	-0.766359	3.67407	-3.37578	4.98945
84.5	0.499549	-0.866285	3.06849	-3.93232	4.98786
84.6	0.295551	-0.955327	2.31529	-4.40796	4.97902
84.7	0.0483496	-0.99883	1.43007	-4.75261	4.9631
84.8	-0.206465	-0.978454	0.446286	-4.92483	4.94501
84.9	-0.429818	-0.902916	-0.587209	-4.89982	4.93488
85	-0.596332	-0.802738	-1.61183	-4.67169	4.94193
85.1	-0.700123	-0.714022	-2.56472	-4.25285	4.96634
85.2	-0.747304	-0.664483	-3.38399	-3.67246	4.99383
85.3	-0.744322	-0.667821	-4.01356	-2.97262	4.99451
85.4	-0.690692	-0.723149	-4.40682	-2.20315	4.92686
85.5	-0.579493	-0.814977	-4.53375	-1.41816	4.75038
85.6	-0.405446	-0.914119	-4.39812	-0.672191	4.44919
85.7	-0.176608	-0.984281	-4.0559	-0.00902614	4.05591
85.8	0.0793852	-0.996844	-3.60924	0.550424	3.65097
85.9	0.3229	-0.946433	-3.16969	1.00338	3.32472
86	0.519988	-0.854174	-2.82042	1.34621	3.12523
86.1	0.65516	-0.75549	-2.60419	1.56326	3.03737
86.2	0.729908	-0.683546	-2.53267	1.63067	3.01222
86.3	0.751816	-0.659373	-2.5995	1.52436	3.01348
86.4	0.72435	-0.689433	-2.78773	1.22506	3.04503
86.5	0.643265	-0.765643	-3.07001	0.721509	3.15365
86.6	0.501063	-0.865411	-3.40108	0.0139724	3.4011
86.7	0.297677	-0.954667	-3.70162	-0.87954	3.80468
86.8	0.0508235	-0.998708	-3.84462	-1.9073	4.29172
86.9	-0.204068	-0.978957	-3.67979	-2.9587	4.72173
87	-0.42788	-0.903836	-3.11558	-3.86631	4.9654
87.1	-0.595026	-0.803706	-2.19254	-4.47085	4.97953
87.2	-0.699425	-0.714706	-1.06199	-4.69824	4.81677
87.3	-0.747119	-0.664691	0.0981192	-4.57437	4.57542
87.4	-0.744595	-0.667516	1.14808	-4.19141	4.3458
87.5	-0.691443	-0.722431	2.01335	-3.66931	4.18538
87.6	-0.580763	-0.814073	2.68624	-3.12204	4.11862
87.7	-0.407202	-0.913338	3.20575	-2.6299	4.14647
87.8	-0.178659	-0.983911	3.62289	-2.22819	4.25325
87.9	0.0773589	-0.997003	3.97003	-1.91738	4.4088
88	0.321217	-0.947006	4.25261	-1.68469	4.57415
88.1	0.518827	-0.854879	4.46299	-1.52088	4.71502
88.2	0.654539	-0.756028	4.59822	-1.42487	4.81393
88.3	0.729756	-0.683708	4.66502	-1.40045	4.87069
88.4	0.752077	-0.659075	4.67278	-1.45161	4.89306
88.5	0.725032	-0.688715	4.6246	-1.57941	4.88687
88.6	0.644427	-0.764666	4.5133	-1.78047	4.85179
88.7	0.50274	-0.864438	4.32393	-2.04701	4.784
88.8	0.299782	-0.954008	4.04111	-2.36908	4.68435
88.9	0.0531127	-0.998589	3.65494	-2.73838	4.56698
89	-0.201915	-0.979403	3.15828	-3.14945	4.46024
89.1	-0.426123	-0.904665	2.53678	-3.59189	4.39738
89.2	-0.593782	-0.804626	1.76653	-4.03401	4.40385
89.3	-0.698681	-0.715433	0.831437	-4.41121	4.48888
89.4	-0.746813	-0.665034	-0.248477	-4.63387	4.64053
89.5	-0.744699	-0.6674	-1.39919	-4.61349	4.821
89.6	-0.691994	-0.721903	-2.49674	-4.29162	4.96505
89.7	-0.581843	-0.813301	-3.39028	-3.66158	4.99011
89.8	-0.408851	-0.912601	-3.94436	-2.78347	4.8276
89.9	-0.180786	-0.983522	-4.10083	-1.7793	4.4702
90	0.0750165	-0.997182	-3.9195	-0.787767	3.99788
90.1	0.319005	-0.947753	-3.54348	0.0920447	3.54468
90.2	0.517015	-0.855976	-3.1179	0.813579	3.2223
90.3	0.65323	-0.75716	-2.74066	1.3598	3.05946
90.4	0.728923	-0.684596	-2.46398	1.72484	3.0077
90.5	0.751665	-0.659545	-2.31389	1.90996	3.00034
90.6	0.725035	-0.688712	-2.30437	1.92332	3.00155
90.7	0.64491	-0.764258	-2.44242	1.77904	3.02166
90.8	0.503782	-0.863831	-2.72638	1.49541	3.10957
90.9	0.30138	-0.953504	-3.13711	1.09022	3.32115
91	0.0550941	-0.998481	-3.62332	0.572909	3.66833
91.1	-0.19987	-0.979822	-4.09196	-0.0569857	4.09236
91.2	-0.424343	-0.905502	-4.42281	-0.79472	4.49364
91.3	-0.592466	-0.805596	-4.51076	-1.60995	4.78945
91.4	-0.697871	-0.716224	-4.30456	-2.44589	4.95093
91.5	-0.746473	-0.665416	-3.81076	-3.23643	4.99964
91.6	-0.744814	-0.667272	-3.07295	-3.91993	4.98085
91.7	-0.692616	-0.721306	-2.15354	-4.44497	4.93918
91.8	-0.583055	-0.812433	-1.12437	-4.77564	4.90621
91.9	-0.410656	-0.91179	-0.0590118	-4.8963	4.89666
92	-0.182998	-0.983113	0.975314	-4.81173	4.90958
92.1	0.0727621	-0.997349	1.92324	-4.54358	4.93386
92.2	0.317086	-0.948397	2.74454	-4.12762	4.95679
92.3	0.515656	-0.856796	3.41702	-3.61035	4.97098
92.4	0.652463	-0.75782	3.93629	-3.04178	4.97462
92.5	0.728679	-0.684856	4.31	-2.46646	4.96584
92.6	0.75188	-0.6593	4.54871	-1.9179	4.93651
92.7	0.725719	-0.687991	4.65853	-1.41806	4.86958
92.8	0.646132	-0.763226	4.64023	-0.980499	4.74269
92.9	0.505589	-0.862774	4.49785	-0.614096	4.53958
93	0.303682	-0.952774	4.25408	-0.324774	4.26646
93.1	0.0576045	-0.998339	3.9592	-0.116535	3.96091
93.2	-0.197545	-0.980294	3.67974	0.00290198	3.67974
93.3	-0.42252	-0.906353	3.47045	0.0127689	3.47047
93.4	-0.591265	-0.806477	3.34992	-0.123066	3.35218
93.5	-0.69725	-0.716828	3.29354	-0.445539	3.32354
93.6	-0.746345	-0.665559	3.24106	-0.982726	3.38677
93.7	-0.74514	-0.666908	3.1104	-1.73218	3.5602
93.8	-0.693432	-0.720522	2.81307	-2.64522	3.86142
93.9	-0.584421	-0.811451	2.27125	-3.61237	4.26706
94	-0.412551	-0.910935	1.44381	-4.45408	4.68225
94.1	-0.185226	-0.982696	0.372186	-4.94367	4.95766
94.2	0.0705342	-0.997509	-0.784583	-4.90504	4.96739
94.3	0.315177	-0.949033	-1.80772	-4.33921	4.7007
94.4	0.514239	-0.857647	-2.55008	-3.42863	4.27298
94.5	0.651557	-0.758599	-2.99226	-2.40862	3.84123
94.6	0.728217	-0.685347	-3.19584	-1.46108	3.51399
94.7	0.751798	-0.659393	-3.24807	-0.691812	3.32093
94.8	0.726012	-0.687682	-3.23705	-0.145341	3.24031
94.9	0.646848	-0.762619	-3.24113	0.17738	3.24598
95	0.506774	-0.862079	-3.31958	0.303677	3.33344
95.1	0.305293	-0.952259	-3.50206	0.274145	3.51277
95.2	0.0594552	-0.998231	-3.77902	0.126969	3.78116
95.3	-0.195738	-0.980656	-4.10073	-0.114047	4.10232
95.4	-0.421015	-0.907054	-4.39365	-0.439941	4.41562
95.5	-0.590193	-0.807262	-4.59	-0.846593	4.66742
95.6	-0.696617	-0.717443	-4.65	-1.32633	4.83546
95.7	-0.746101	-0.665833	-4.56153	-1.86686	4.92877
95.8	-0.745264	-0.66677	-4.32499	-2.45158	4.9715
95.9	-0.693967	-0.720007	-3.94032	-3.05692	4.98707
96	-0.585452	-0.810707	-3.40413	-3.64885	4.99021
96.1	-0.414134	-0.910216	-2.71488	-4.1823	4.98621
96.2	-0.187284	-0.982306	-1.8815	-4.60579	4.97527
96.3	0.0682633	-0.997667	-0.9299	-4.87112	4.95909
96.4	0.313058	-0.949734	0.0963206	-4.94386	4.9448
96.5	0.512563	-0.858649	1.1408	-4.80901	4.94247
96.6	0.650428	-0.759568	2.1408	-4.47155	4.9576
96.7	0.727601	-0.686001	3.03296	-3.95484	4.98394
96.8	0.751639	-0.659575	3.7586	-3.29741	5
96.9	0.72631	-0.687367	4.2675	-2.54747	4.97003
97	0.647677	-0.761915	4.52165	-1.75809	4.85141
97.1	0.508217	-0.861229	4.50632	-0.984296	4.61257
97.2	0.307322	-0.951606	4.24989	-0.276207	4.25886
97.3	0.0618521	-0.998085	3.8334	0.334379	3.84795
97.4	-0.193345	-0.981131	3.36847	0.839171	3.47142
97.5	-0.418977	-0.907997	2.95599	1.239	3.20515
97.6	-0.588693	-0.808357	2.65964	1.52582	3.06623
97.7	-0.695662	-0.718369	2.50596	1.67947	3.01669
97.8	-0.745624	-0.666367	2.49735	1.67524	3.00719
97.9	-0.745224	-0.666814	2.62292	1.49086	3.01702
98	-0.694395	-0.719594	2.86252	1.11026	3.07029
98.1	-0.586429	-0.810001	3.18372	0.526391	3.22695
98.2	-0.415694	-0.909504	3.53039	-0.254963	3.53958
98.3	-0.189307	-0.981918	3.80437	-1.20676	3.99118
98.4	0.0660873	-0.997814	3.86184	-2.25966	4.47436
98.5	0.311113	-0.950373	3.5622	-3.28071	4.84276
98.6	0.511114	-0.859513	2.85905	-4.09791	4.9967
98.7	0.649541	-0.760327	1.84148	-4.57861	4.93505
98.8	0.72721	-0.686415	0.679162	-4.68613	4.73509
98.9	0.751667	-0.659543	-0.459576	-4.47175	4.4953
99	0.726736	-0.686916	-1.45666	-4.03845	4.29313
99.1	0.648531	-0.761188	-2.26146	-3.50563	4.17177
99.2	0.50951	-0.860465	-2.88494	-2.97653	4.14519
99.3	0.308963	-0.951074	-3.37271	-2.51481	4.20707
99.4	0.063613	-0.997975	-3.76951	-2.14129	4.33524
99.5	-0.191754	-0.981443	-4.09625	-1.85031	4.49476
99.6	-0.417777	-0.908549	-4.35203	-1.6308	4.64755
99.7	-0.587964	-0.808887	-4.53158	-1.47816	4.76656
99.8	-0.69537	-0.718652	-4.63784	-1.39459	4.84298
99.9	-0.745703	-0.666278	-4.68065	-1.38476	4.88119
100	-0.74565	-0.666338	-4.66778	-1.45177	4.88833
