0  0.707107  -0.707107  4.17121  -2.70711  0.707107  0.707107  3.70711  5.90326  6.97073
0.1  0.755356  -0.655315  4.47405  -2.12885  0.268741  0.309767  2.37091  5.61493  6.09497
0.2  0.762508  -0.646979  4.64935  -1.59169  -0.121065  -0.142684  1.15288  5.09873  5.22745
0.3  0.731284  -0.682073  4.70794  -1.1136  -0.506201  -0.542722  0.0352157  4.44658  4.44672
0.4  0.660368  -0.750943  4.6601  -0.704703  -0.917402  -0.80675  -0.969781  3.72402  3.84822
0.5  0.547016  -0.837122  4.51961  -0.369672  -1.35144  -0.883097  -1.80543  2.97509  3.48005
0.6  0.390472  -0.920615  4.30742  -0.109764  -1.77295  -0.751984  -2.38889  2.22338  3.26347
0.7  0.194916  -0.98082  4.05314  0.0746862  -2.11872  -0.421048  -2.63361  1.46105  3.01174
0.8  -0.0277844  -0.999614  3.79428  0.180155  -2.29935  0.0639106  -2.47354  0.628247  2.55208
0.9  -0.256272  -0.966605  3.57175  0.193663  -2.22169  0.589026  -1.92016  -0.405799  1.96257
1  -0.4623  -0.886724  3.41758  0.0861821  -1.85468  0.966954  -1.15559  -1.82099  2.1567
1.1  -0.620377  -0.784304  3.33483  -0.187378  -1.28613  1.01732  -0.56942  -3.73158  3.77477
1.2  -0.717666  -0.696388  3.28227  -0.673145  -0.659125  0.679265  -0.620197  -6.02017  6.05203
1.3  -0.752081  -0.65907  3.18046  -1.39058  -0.0229904  0.0262349  -1.56764  -8.27766  8.4248
1.4  -0.718006  -0.696037  2.94244  -2.30885  0.744838  -0.768348  -3.29782  -9.94359  10.4762
1.5  -0.590163  -0.807284  2.50489  -3.34118  1.9012  -1.38986  -5.52206  -10.4571  11.8255
1.6  -0.316577  -0.948567  1.82148  -4.32921  3.6632  -1.22256  -8.24935  -8.75654  12.0303
1.7  0.131962  -0.991255  0.845025  -4.92718  4.92233  0.655292  -11.0829  -2.24434  11.3079
1.8  0.550552  -0.834801  -0.285543  -4.74644  3.13748  2.06917  -10.989  5.08863  12.11
1.9  0.764429  -0.644708  -1.29833  -4.07181  1.29664  1.53743  -9.15355  7.82737  12.0439
2  0.837612  -0.546266  -2.10483  -3.25589  0.260863  0.399992  -6.95002  8.23045  10.7723
2.1  0.826371  -0.563126  -2.69082  -2.46821  -0.475556  -0.697865  -4.8332  7.34729  8.79446
2.2  0.739927  -0.672687  -3.09381  -1.81395  -1.27766  -1.40537  -3.37765  5.64894  6.58172
2.3  0.56767  -0.823256  -3.39809  -1.34551  -2.16538  -1.49312  -2.85394  3.73549  4.70094
2.4  0.312908  -0.949784  -3.68567  -1.0565  -2.87342  -0.946653  -2.95521  2.11781  3.63571
2.5  0.00810756  -0.999967  -3.99081  -0.906863  -3.1375  -0.0254383  -3.11498  0.941802  3.25425
2.6  -0.297969  -0.954576  -4.2968  -0.85773  -2.90888  0.908002  -2.92904  0.0757021  2.93002
2.7  -0.561348  -0.82758  -4.5609  -0.887418  -2.31242  1.56852  -2.27908  -0.659984  2.37272
2.8  -0.754721  -0.656046  -4.74083  -0.989063  -1.54556  1.77803  -1.28216  -1.37479  1.87989
2.9  -0.872304  -0.488963  -4.81511  -1.163  -0.832752  1.48562  -0.218309  -2.1086  2.11987
3  -0.928363  -0.371674  -4.79081  -1.41162  -0.326062  0.814436  0.665127  -2.86692  2.94306
3.1  -0.943332  -0.331849  -4.68862  -1.73641  0.0113131  -0.0321593  1.35835  -3.62406  3.87026
3.2  -0.925568  -0.378582  -4.51973  -2.13415  0.365326  -0.893159  2.03471  -4.31088  4.76694
3.3  -0.862724  -0.505674  -4.27528  -2.59241  0.94112  -1.60563  2.90141  -4.8114  5.61852
3.4  -0.72739  -0.686224  -3.92823  -3.0851  1.80379  -1.912  4.09845  -4.97378  6.44483
3.5  -0.500578  -0.865691  -3.44572  -3.57238  2.69893  -1.56063  5.58229  -4.69801  7.29611
3.6  -0.203269  -0.979123  -2.81046  -4.01269  3.13632  -0.651109  7.10479  -4.0618  8.1839
3.7  0.10216  -0.994768  -2.03103  -4.37848  2.85874  0.293584  8.44503  -3.22817  9.041
3.8  0.350811  -0.936446  -1.12958  -4.65242  2.05928  0.771445  9.54171  -2.20946  9.79418
3.9  0.508826  -0.860869  -0.133175  -4.80901  1.10019  0.650281  10.32  -0.848932  10.3548
4  0.5729  -0.819625  0.915965  -4.80489  0.198105  0.138471  10.5407  1.0288  10.5908
4.1  0.552082  -0.83379  1.94348  -4.58399  -0.589348  -0.390229  9.81663  3.47059  10.4121
4.2  0.463679  -0.886003  2.8381  -4.10503  -1.11548  -0.583774  7.88825  6.05757  9.94579
4.3  0.344853  -0.938657  3.49746  -3.40057  -1.18891  -0.436794  5.26791  7.83149  9.43839
4.4  0.236579  -0.971612  3.89919  -2.57948  -0.947043  -0.230597  2.84618  8.4101  8.87866
4.5  0.157722  -0.987484  4.08498  -1.74686  -0.631061  -0.100794  0.961553  8.13566  8.19229
4.6  0.108736  -0.994071  4.10865  -0.967934  -0.360747  -0.0394602  -0.409282  7.38816  7.39949
4.7  0.0827396  -0.996571  4.01742  -0.27665  -0.17398  -0.0144446  -1.35038  6.41507  6.55566
4.8  0.0709584  -0.997479  3.85024  0.312862  -0.0758428  -0.00539529  -1.94076  5.37339  5.71313
4.9  0.0648967  -0.997892  3.63854  0.799075  -0.0573869  -0.00373208  -2.25236  4.36142  4.90868
5  0.0573529  -0.998354  3.40696  1.18799  -0.102403  -0.00588282  -2.34731  3.43345  4.15914
5.1  0.0429631  -0.999077  3.17472  1.48931  -0.190767  -0.00820351  -2.27181  2.61089  3.4609
5.2  0.0184877  -0.999829  2.95736  1.71366  -0.300355  -0.00555382  -2.05281  1.89246  2.79203
5.3  -0.0170496  -0.999855  2.76859  1.87072  -0.408189  0.00696048  -1.70046  1.261  2.11699
5.4  -0.0623367  -0.998055  2.62169  1.96775  -0.491801  0.030717  -1.21553  0.685687  1.39559
5.5  -0.113944  -0.993487  2.52985  2.00823  -0.531854  0.0609989  -0.600423  0.121391  0.612571
5.6  -0.166814  -0.985988  2.50545  1.99042  -0.515704  0.0872494  0.128579  -0.491198  0.507748
5.7  -0.215069  -0.976599  2.55804  1.90609  -0.439646  0.0968196  0.929893  -1.22066  1.53451
5.8  -0.252853  -0.967505  2.69139  1.74016  -0.307219  0.0802901  1.72817  -2.13294  2.74518
5.9  -0.274795  -0.961503  2.89989  1.47188  -0.123302  0.0352393  2.41141  -3.27164  4.0643
6  -0.275771  -0.961223  3.16517  1.07836  0.113011  -0.0324224  2.8391  -4.63157  5.43249
6.1  -0.250098  -0.968221  3.45438  0.540701  0.412172  -0.106467  2.86757  -6.13459  6.77171
6.2  -0.19066  -0.981656  3.72156  -0.148249  0.791212  -0.153671  2.38313  -7.62651  7.99018
6.3  -0.0887027  -0.996058  3.91125  -0.977348  1.26363  -0.112531  1.30473  -8.89946  8.99459
6.4  0.0648722  -0.997894  3.959  -1.91209  1.81646  0.118087  -0.484827  -9.68448  9.6966
6.5  0.273607  -0.961842  3.78226  -2.88262  2.32537  0.661478  -3.23709  -9.49938  10.0358
6.6  0.513342  -0.858184  3.2763  -3.7506  2.32426  1.39031  -6.97813  -7.49572  10.2411
6.7  0.705578  -0.708632  2.40892  -4.32783  1.42001  1.41389  -10.0603  -3.98922  10.8224
6.8  0.793621  -0.608412  1.33583  -4.57149  0.376359  0.490928  -11.0902  -1.07786  11.1425
6.9  0.786541  -0.617538  0.235578  -4.57941  -0.517858  -0.659582  -10.759  0.764619  10.7861
7  0.684389  -0.729117  -0.795125  -4.44544  -1.57237  -1.47591  -9.79684  1.79836  9.96053
7.1  0.46393  -0.885872  -1.71808  -4.23831  -2.85326  -1.49425  -8.65776  2.28372  8.95389
7.2  0.120369  -0.992729  -2.52482  -3.99322  -3.92585  -0.476013  -7.45445  2.63474  7.90637
7.3  -0.290716  -0.95681  -3.19873  -3.70335  -4.0948  1.24416  -5.95189  3.21044  6.76254
7.4  -0.65673  -0.754125  -3.70323  -3.3462  -3.05416  2.65972  -4.11698  3.90886  5.67703
7.5  -0.884816  -0.46594  -4.03184  -2.93499  -1.5256  2.89709  -2.55809  4.21309  4.92889
7.6  -0.97857  -0.205913  -4.23911  -2.523  -0.464533  2.20762  -1.70156  3.94833  4.29938
7.7  -0.999424  -0.0339247  -4.38985  -2.15643  -0.0412925  1.21648  -1.37585  3.34825  3.61991
7.8  -0.999314  0.0370291  -4.52206  -1.85778  0.00762227  0.205704  -1.2868  2.61225  2.912
7.9  -0.999972  0.0074547  -4.64705  -1.63536  -0.00595642  -0.798994  -1.19203  1.83411  2.18744
8  -0.992402  -0.123035  -4.75149  -1.49025  0.223687  -1.80426  -0.824132  1.07667  1.35588
8.1  -0.937712  -0.347413  -4.79205  -1.41703  0.968984  -2.61541  0.13052  0.405984  0.426449
8.2  -0.782138  -0.623106  -4.70484  -1.40565  2.1874  -2.74568  1.67258  -0.165031  1.68071
8.3  -0.502609  -0.864514  -4.45956  -1.4498  3.33985  -1.94172  3.15973  -0.72399  3.24162
8.4  -0.134036  -0.990976  -4.09412  -1.55468  3.90722  -0.528477  4.0324  -1.40788  4.27111
8.5  0.251851  -0.967766  -3.67251  -1.74196  3.67335  0.955953  4.33659  -2.40595  4.95929
8.6  0.576501  -0.817096  -3.22848  -2.05084  2.73006  1.92619  4.59911  -3.83814  5.99025
8.7  0.789153  -0.614197  -2.72975  -2.51612  1.5297  1.96544  5.53638  -5.44764  7.76713
8.8  0.890904  -0.454191  -2.08834  -3.1233  0.567135  1.11245  7.43091  -6.54886  9.90485
8.9  0.912308  -0.409505  -1.22886  -3.78818  -0.122554  -0.27303  9.76088  -6.53645  11.7473
9  0.858404  -0.512974  -0.149581  -4.38389  -1.06213  -1.77735  11.6998  -5.10055  12.7632
9.1  0.664887  -0.746944  1.07139  -4.72623  -3.01094  -2.68017  12.3712  -1.1088  12.4208
9.2  0.254488  -0.967076  2.20393  -4.45988  -4.81217  -1.26633  9.54857  6.74887  11.6928
9.3  -0.185186  -0.982703  2.92019  -3.50394  -3.67842  0.693183  4.98273  11.361  12.4057
9.4  -0.473484  -0.880802  3.25732  -2.3234  -2.14876  1.15509  1.97977  11.8322  11.9966
9.5  -0.630038  -0.776564  3.34812  -1.19403  -1.05278  0.854137  -0.0350968  10.552  10.5521
9.6  -0.695641  -0.71839  3.27614  -0.24413  -0.302761  0.293174  -1.26335  8.33786  8.43303
9.7  -0.696469  -0.717587  3.12583  0.461395  0.270125  -0.262175  -1.58749  5.76027  5.97501
9.8  -0.643005  -0.765862  2.98737  0.913546  0.798007  -0.669994  -1.05858  3.34338  3.50696
9.9  -0.53719  -0.843461  2.93289  1.14614  1.31244  -0.835877  0.0308825  1.3993  1.39964
10  -0.383565  -0.923514  2.99902  1.21147  1.73498  -0.720592  1.2866  -0.010206  1.28664
10.1  -0.197095  -0.980384  3.18345  1.15782  1.95479  -0.392987  2.34589  -1.01132  2.5546
10.2  -0.000651915  -1  3.45407  1.01616  1.93759  -0.00126314  2.98873  -1.8024  3.49015
10.3  0.184426  -0.982846  3.76558  0.799096  1.74145  0.326775  3.16712  -2.53839  4.05883
10.4  0.344542  -0.938771  4.0738  0.507824  1.45145  0.532702  2.93531  -3.29264  4.41107
10.5  0.473747  -0.880661  4.34147  0.139488  1.13126  0.608555  2.36749  -4.07843  4.71578
10.6  0.570942  -0.82099  4.53794  -0.30822  0.814808  0.566643  1.5181  -4.87428  5.10522
10.7  0.637218  -0.770684  4.63671  -0.834173  0.513266  0.424379  0.417103  -5.63341  5.64883
10.8  0.673929  -0.738796  4.61353  -1.43128  0.221566  0.202112  -0.918319  -6.28282  6.34957
10.9  0.681275  -0.732027  4.44595  -2.08376  -0.0777306  -0.0723415  -2.46544  -6.72228  7.16013
11  0.657293  -0.753635  4.11495  -2.76476  -0.409155  -0.356851  -4.17557  -6.83233  8.00725
11.1  0.597698  -0.801721  3.6084  -3.43529  -0.791617  -0.590165  -5.95709  -6.49533  8.81341
11.2  0.497512  -0.867457  2.92581  -4.04604  -1.21574  -0.697263  -7.66877  -5.62711  9.5118
11.3  0.355103  -0.934827  2.08302  -4.54236  -1.62159  -0.615978  -9.12881  -4.21174  10.0535
11.4  0.177335  -0.984151  1.11494  -4.87271  -1.90399  -0.343081  -10.1434  -2.32976  10.4075
11.5  -0.0181914  -0.999835  0.0745712  -4.99876  -1.96536  0.0357586  -10.5538  -0.163466  10.555
11.6  -0.207503  -0.978234  -0.973058  -4.90429  -1.78474  0.378578  -10.2851  2.03609  10.4847
11.7  -0.369373  -0.929281  -1.9608  -4.59907  -1.43388  0.569941  -9.37042  4.01167  10.193
11.8  -0.492287  -0.870433  -2.82985  -4.11632  -1.02306  0.578605  -7.93925  5.55938  9.69218
11.9  -0.574824  -0.818277  -3.53779  -3.50543  -0.63588  0.446693  -6.18318  6.56338  9.01719
12  -0.621383  -0.783507  -4.06271  -2.82244  -0.304938  0.24184  -4.31298  7.00667  8.22771
12.1  -0.637518  -0.770436  -4.4028  -2.1205  -0.0244541  0.0202352  -2.51267  6.95979  7.39948
12.2  -0.627227  -0.778836  -4.57176  -1.44268  0.227608  -0.183301  -0.905072  6.54701  6.60927
12.3  -0.592181  -0.805805  -4.59216  -0.818796  0.474021  -0.348355  0.453719  5.90234  5.91975
12.4  -0.532066  -0.846703  -4.48972  -0.266185  0.730904  -0.459298  1.55185  5.13743  5.3667
12.5  -0.445433  -0.895315  -4.29045  0.207339  1.00438  -0.499694  2.38973  4.33111  4.94665
12.6  -0.330856  -0.943681  -4.02084  0.600343  1.28719  -0.451291  2.9545  3.53334  4.60582
12.7  -0.188533  -0.982067  -3.70995  0.915198  1.55288  -0.298115  3.20626  2.77064  4.23752
12.8  -0.0225618  -0.999745  -3.39218  1.15564  1.74914  -0.0394739  3.0805  2.0419  3.69578
12.9  0.156493  -0.987679  -3.10848  1.32315  1.80176  0.285481  2.51858  1.29828  2.83351
13  0.330862  -0.943679  -2.90276  1.41083  1.64981  0.578437  1.53375  0.419054  1.58997
13.1  0.479804  -0.877376  -2.81103  1.39648  1.30245  0.712264  0.276417  -0.772663  0.820618
13.2  0.587606  -0.809147  -2.84724  1.24069  0.843509  0.61256  -0.970435  -2.42701  2.61384
13.3  0.647507  -0.76206  -2.99331  0.894582  0.352122  0.299191  -1.86269  -4.56832  4.93347
13.4  0.657037  -0.753859  -3.19717  0.316227  -0.171907  -0.149828  -2.0806  -7.0245  7.32615
13.5  0.609208  -0.79301  -3.38061  -0.507835  -0.81442  -0.625656  -1.44171  -9.40196  9.51186
13.6  0.485968  -0.873976  -3.45745  -1.54438  -1.70092  -0.945783  0.0403826  -11.1884  11.1885
13.7  0.257545  -0.966266  -3.34344  -2.70778  -2.92526  -0.779689  2.41676  -11.8256  12.07
13.8  -0.105305  -0.99444  -2.9248  -3.83177  -4.27007  0.452176  6.27808  -10.0297  11.8325
13.9  -0.537319  -0.843379  -2.0467  -4.54767  -3.86028  2.45939  11.083  -3.62952  11.6622
14  -0.810946  -0.58512  -0.839724  -4.58502  -1.66307  2.30493  12.3961  2.20378  12.5905
14.1  -0.906432  -0.422352  0.355828  -4.21797  -0.409005  0.877788  11.2887  4.76793  12.2543
14.2  -0.911161  -0.41205  1.38881  -3.68469  0.291358  -0.644277  9.28864  5.67891  10.8871
14.3  -0.842455  -0.538766  2.21043  -3.12331  1.14606  -1.79207  7.20254  5.3619  8.97923
14.4  -0.668973  -0.743287  2.85188  -2.6416  2.36859  -2.13178  5.77367  4.18372  7.13013
14.5  -0.369305  -0.929308  3.39149  -2.29182  3.56855  -1.41813  5.11155  2.84082  5.84792
14.6  0.0235861  -0.999722  3.88008  -2.06155  4.14724  0.0978445  4.62619  1.83736  4.9777
14.7  0.428552  -0.903517  4.29964  -1.91082  3.79029  1.79779  3.64308  1.23205  3.84577
14.8  0.752701  -0.658362  4.58418  -1.80717  2.58325  2.95341  1.95569  0.860389  2.13658
14.9  0.936339  -0.351098  4.68809  -1.7383  1.12482  2.99976  0.198357  0.494099  0.532427
15  0.99617  -0.0874376  4.65023  -1.71466  0.192303  2.19089  -0.808097  -0.0555885  0.810007
15.1  0.996743  0.0806441  4.55075  -1.75485  -0.0945964  1.16919  -1.09353  -0.765015  1.33457
15.2  0.988971  0.148107  4.44283  -1.86953  -0.0283076  0.189021  -1.03333  -1.5314  1.84742
15.3  0.992887  0.119062  4.34663  -2.06093  0.0927934  -0.773826  -0.893965  -2.29187  2.46005
15.4  0.999965  -0.00836294  4.26011  -2.326  -0.0149134  -1.7832  -0.874946  -2.99299  3.11825
15.5  0.971544  -0.236861  4.15902  -2.65347  -0.672112  -2.75683  -1.24147  -3.50781  3.72102
15.6  0.839431  -0.543466  3.98662  -3.01231  -2.08688  -3.22338  -2.35773  -3.56864  4.27715
15.7  0.545458  -0.838138  3.66084  -3.34701  -3.72942  -2.42709  -4.23032  -3.04909  5.21464
15.8  0.12776  -0.991805  3.14285  -3.62034  -4.39481  -0.56612  -6.04596  -2.46009  6.52731
15.9  -0.289443  -0.957195  2.46955  -3.85339  -3.77131  1.14039  -7.35237  -2.27103  7.69512
16  -0.603693  -0.797217  1.67775  -4.0828  -2.46624  1.86756  -8.49383  -2.31788  8.80442
16.1  -0.784193  -0.620517  0.766811  -4.30757  -1.19307  1.50777  -9.73988  -2.08755  9.96108
16.2  -0.854244  -0.519872  -0.266195  -4.47641  -0.259068  0.425696  -10.8596  -1.14983  10.9203
16.3  -0.839349  -0.543592  -1.38249  -4.50655  0.582896  -0.900037  -11.2938  0.727713  11.3172
16.4  -0.724711  -0.689053  -2.47405  -4.28625  1.78085  -1.87301  -10.1662  3.9369  10.9018
16.5  -0.486222  -0.873835  -3.32914  -3.6877  2.84517  -1.58311  -6.58741  7.94685  10.3221
16.6  -0.19954  -0.97989  -3.77728  -2.76867  2.71749  -0.553376  -2.55404  9.99023  10.3115
16.7  0.0406862  -0.999172  -3.88676  -1.75756  2.06291  0.0840017  0.148823  9.99642  9.99753
16.8  0.213654  -0.976909  -3.78251  -0.801806  1.41112  0.308618  1.79214  9.00409  9.18071
16.9  0.326539  -0.945184  -3.55369  0.0263219  0.86491  0.298806  2.66758  7.49875  7.9591
17  0.390035  -0.9208  -3.27113  0.690368  0.419689  0.177773  2.87884  5.76587  6.44461
17.1  0.412939  -0.910759  -2.99711  1.18007  0.0483285  0.0219122  2.51699  4.04818  4.76687
17.2  0.401357  -0.915922  -2.78175  1.50644  -0.272733  -0.119512  1.73592  2.51996  3.06001
17.3  0.359865  -0.933004  -2.65751  1.69292  -0.548976  -0.211744  0.726758  1.25417  1.44952
17.4  0.293535  -0.955948  -2.63788  1.76559  -0.765981  -0.235203  -0.328616  0.23589  0.404515
17.5  0.20942  -0.977826  -2.71979  1.74609  -0.90132  -0.193035  -1.28309  -0.603576  1.41796
17.6  0.116428  -0.993199  -2.88767  1.6479  -0.943284  -0.110576  -2.0351  -1.35245  2.44351
17.7  0.0235609  -0.999722  -3.11822  1.476  -0.902339  -0.0212659  -2.53147  -2.0887  3.28192
17.8  -0.0622117  -0.998063  -3.38496  1.2289  -0.806912  0.0502968  -2.75874  -2.86194  3.97509
17.9  -0.137131  -0.990553  -3.66123  0.901724  -0.690653  0.095613  -2.72389  -3.691  4.58727
18  -0.200628  -0.979667  -3.92124  0.489017  -0.582669  0.119326  -2.43366  -4.56978  5.17741
18.1  -0.254654  -0.967032  -4.13922  -0.0130162  -0.504013  0.132725  -1.8803  -5.47123  5.78532
18.2  -0.302836  -0.953043  -4.28761  -0.604317  -0.467039  0.148405  -1.03523  -6.34409  6.42799
18.3  -0.349529  -0.936926  -4.33496  -1.27805  -0.473287  0.176564  0.149644  -7.10137  7.10294
18.4  -0.398435  -0.917197  -4.24452  -2.01611  -0.506418  0.219991  1.72834  -7.60145  7.79546
18.5  -0.45018  -0.892938  -3.97558  -2.7828  -0.518774  0.261543  3.71345  -7.63339  8.48872
18.6  -0.498592  -0.866837  -3.49272  -3.51923  -0.423334  0.243496  5.96164  -6.9641  9.16732
18.7  -0.528107  -0.849178  -2.7878  -4.14975  -0.131002  0.0814706  8.06975  -5.53305  9.78445
18.8  -0.517451  -0.855713  -1.89958  -4.60934  0.375931  -0.227327  9.56562  -3.61108  10.2245
18.9  -0.447313  -0.894377  -0.901769  -4.86848  1.04806  -0.524178  10.2589  -1.57748  10.3795
19  -0.305361  -0.952237  0.128028  -4.92869  1.79021  -0.57408  10.23  0.345757  10.2358
19.1  -0.0932939  -0.995639  1.12508  -4.80557  2.40888  -0.225718  9.62765  2.08278  9.85036
19.2  0.163366  -0.986566  2.03861  -4.51976  2.64206  0.4375  8.57853  3.58829  9.29876
19.3  0.417447  -0.908701  2.8304  -4.09895  2.35883  1.08362  7.21997  4.76036  8.64806
19.4  0.622871  -0.782324  3.47876  -3.58302  1.71584  1.36612  5.74512  5.47481  7.93599
19.5  0.75889  -0.651219  3.98181  -3.02035  1.01757  1.18582  4.33725  5.70184  7.16399
19.6  0.831045  -0.556205  4.3511  -2.456  0.452539  0.676155  3.07192  5.52949  6.3255
19.7  0.853865  -0.520495  4.59978  -1.92339  0.0183805  0.0301529  1.91269  5.08821  5.43583
19.8  0.835702  -0.549183  4.73442  -1.44361  -0.385691  -0.586913  0.778574  4.48803  4.55506
19.9  0.774763  -0.632251  4.75507  -1.02869  -0.846024  -1.03672  -0.364312  3.79969  3.81711
20  0.664245  -0.747515  4.66376  -0.685192  -1.37208  -1.21923  -1.43885  3.06596  3.3868
20.1  0.500079  -0.86598  4.47469  -0.416021  -1.90575  -1.10052  -2.29262  2.31685  3.25944
20.2  0.285788  -0.958293  4.21746  -0.222132  -2.35798  -0.703211  -2.78127  1.55747  3.18766
20.3  0.0348034  -0.999394  3.93388  -0.10652  -2.61975  -0.0912313  -2.80925  0.736296  2.90414
20.4  -0.227863  -0.973693  3.67134  -0.0813845  -2.57434  0.602447  -2.37198  -0.281856  2.38866
20.5  -0.467849  -0.883809  3.46908  -0.176275  -2.16901  1.14818  -1.65743  -1.69842  2.37311
20.6  -0.652976  -0.757378  3.33436  -0.439291  -1.50852  1.30058  -1.11358  -3.65013  3.81622
20.7  -0.768083  -0.64035  3.22213  -0.920062  -0.800952  0.96072  -1.28891  -6.00015  6.13702
20.8  -0.815301  -0.579037  3.0423  -1.63682  -0.149541  0.210559  -2.47475  -8.26921  8.63159
20.9  -0.795653  -0.605752  2.69986  -2.55033  0.578464  -0.75981  -4.47134  -9.83721  10.8057
21  -0.685813  -0.727777  2.13633  -3.56247  1.72246  -1.62314  -6.83459  -10.1423  12.2302
21.1  -0.424176  -0.90558  1.32554  -4.50259  3.64779  -1.70864  -9.42045  -8.06553  12.4015
21.2  0.0413607  -0.999144  0.262229  -4.99304  5.26232  0.217839  -11.501  -0.709195  11.5228
21.3  0.495706  -0.868491  -0.851073  -4.63495  3.46085  1.97534  -10.307  6.89833  12.4025
21.4  0.736895  -0.676007  -1.76796  -3.79461  1.52155  1.65859  -7.99947  9.30585  12.2715
21.5  0.829045  -0.559181  -2.44936  -2.85092  0.42664  0.632538  -5.63338  9.30161  10.8745
21.6  0.834878  -0.550436  -2.90196  -1.97733  -0.284305  -0.431222  -3.50238  7.99647  8.72985
21.7  0.772198  -0.635382  -3.17588  -1.27777  -0.985892  -1.19818  -2.14344  5.91604  6.29237
21.8  0.634385  -0.773018  -3.36553  -0.798802  -1.77768  -1.45887  -1.81088  3.69133  4.11159
21.9  0.419473  -0.907768  -3.56233  -0.526671  -2.48383  -1.14776  -2.19817  1.83696  2.86468
22  0.149027  -0.988833  -3.80942  -0.413798  -2.85566  -0.430376  -2.72058  0.499452  2.76605
22.1  -0.137352  -0.990522  -4.09562  -0.414221  -2.80502  0.388963  -2.9292  -0.463973  2.96572
22.2  -0.400654  -0.916229  -4.37903  -0.50086  -2.41601  1.05649  -2.65722  -1.25375  2.93814
22.3  -0.614027  -0.789285  -4.61205  -0.663489  -1.83083  1.4243  -1.93849  -1.99711  2.7832
22.4  -0.765042  -0.643981  -4.75683  -0.900193  -1.19242  1.41658  -0.925816  -2.73706  2.8894
22.5  -0.855038  -0.518565  -4.79472  -1.21062  -0.628172  1.03576  0.163117  -3.46884  3.47267
22.6  -0.895104  -0.445857  -4.72708  -1.59301  -0.192562  0.386588  1.17197  -4.17151  4.33301
22.7  -0.895541  -0.444979  -4.56267  -2.04252  0.186097  -0.374528  2.11412  -4.80028  5.24521
22.8  -0.854651  -0.519203  -4.30215  -2.54769  0.660482  -1.08721  3.1193  -5.26607  6.12058
22.9  -0.756251  -0.654281  -3.93232  -3.08587  1.34392  -1.55337  4.3162  -5.43568  6.9409
23  -0.581177  -0.813777  -3.43136  -3.62028  2.15837  -1.54145  5.73339  -5.1721  7.72155
23.1  -0.331319  -0.943519  -2.78264  -4.10437  2.77103  -0.973057  7.23551  -4.43537  8.48676
23.2  -0.045893  -0.998946  -1.98904  -4.49526  2.83217  -0.130114  8.59542  -3.33316  9.21907
23.3  0.215441  -0.976517  -1.07378  -4.76306  2.31753  0.511298  9.6508  -1.98549  9.85292
23.4  0.407487  -0.913211  -0.0724439  -4.88431  1.50122  0.669866  10.298  -0.393274  10.3055
23.5  0.515154  -0.857098  0.966836  -4.83151  0.665193  0.399811  10.3737  1.50316  10.4821
23.6  0.544557  -0.838724  1.97512  -4.57416  -0.0503122  -0.0326662  9.63583  3.67684  10.3135
23.7  0.51198  -0.858997  2.8614  -4.09632  -0.558794  -0.333053  7.93666  5.83235  9.84921
23.8  0.44302  -0.896512  3.53998  -3.42808  -0.770679  -0.380839  5.5794  7.38744  9.25765
23.9  0.366455  -0.930436  3.97765  -2.65069  -0.731221  -0.287994  3.22055  8.00763  8.631
24  0.300128  -0.953899  4.19794  -1.85225  -0.589379  -0.185438  1.26473  7.8593  7.96041
24.1  0.248304  -0.968682  4.24633  -1.0942  -0.453197  -0.116169  -0.222063  7.24594  7.24934
24.2  0.207721  -0.978188  4.16729  -0.41088  -0.368554  -0.0782635  -1.296  6.39488  6.52489
24.3  0.172482  -0.985013  3.99854  0.181718  -0.346406  -0.060658  -2.02688  5.45013  5.81482
24.4  0.136535  -0.990635  3.7714  0.679015  -0.380887  -0.0524959  -2.4721  4.50011  5.13442
24.5  0.0948997  -0.995487  3.51228  1.08333  -0.457154  -0.0435804  -2.67164  3.59683  4.48049
24.6  0.0443975  -0.999014  3.2445  1.40085  -0.554345  -0.0246358  -2.64767  2.76672  3.82948
24.7  -0.0158186  -0.999875  2.98994  1.63934  -0.646898  0.0102343  -2.40781  2.01571  3.14016
24.8  -0.0838904  -0.996475  2.7701  1.80616  -0.706894  0.0595114  -1.95363  1.32909  2.36287
24.9  -0.155265  -0.987873  2.60611  1.90605  -0.709548  0.11152  -1.29369  0.668904  1.45639
25  -0.223391  -0.974729  2.51729  1.9388  -0.640876  0.146877  -0.457484  -0.0256351  0.458201
25.1  -0.281078  -0.959685  2.51853  1.89727  -0.502214  0.147091  0.494416  -0.829537  0.965701
25.2  -0.321915  -0.946769  2.61689  1.76679  -0.306413  0.104185  1.46582  -1.81516  2.33312
25.3  -0.340914  -0.940094  2.80802  1.52653  -0.067132  0.0243446  2.32523  -3.02978  3.8192
25.4  -0.334029  -0.942563  3.07295  1.15326  0.211857  -0.0750787  2.91451  -4.46853  5.33499
25.5  -0.296873  -0.954917  3.3766  0.627987  0.541123  -0.168229  3.07528  -6.04929  6.78611
25.6  -0.223444  -0.974717  3.66962  -0.0560114  0.940815  -0.215672  2.68598  -7.61092  8.07097
25.7  -0.105769  -0.994391  3.89278  -0.886547  1.42746  -0.151833  1.66454  -8.94194  9.09555
25.8  0.0646477  -0.997908  3.97755  -1.82807  1.98803  0.128791  -0.113415  -9.77624  9.7769
25.9  0.290318  -0.95693  3.83537  -2.80966  2.48707  0.754541  -2.93639  -9.62281  10.0609
26  0.543398  -0.839475  3.35078  -3.68879  2.41513  1.56333  -6.86441  -7.57964  10.226
26.1  0.739154  -0.673536  2.48718  -4.27137  1.41007  1.54744  -10.0705  -4.03042  10.8471
26.2  0.82535  -0.564622  1.41218  -4.52134  0.36415  0.532305  -11.1099  -1.16942  11.1712
26.3  0.819106  -0.573642  0.310448  -4.54117  -0.488397  -0.697383  -10.7679  0.6205  10.7857
26.4  0.721155  -0.692774  -0.720477  -4.42395  -1.5258  -1.58831  -9.79343  1.60609  9.92426
26.5  0.503777  -0.863834  -1.64306  -4.2389  -2.84907  -1.66154  -8.65814  2.03354  8.89374
26.6  0.156182  -0.987728  -2.45099  -4.02131  -4.01584  -0.634995  -7.4796  2.34189  7.83765
26.7  -0.268528  -0.963272  -3.12815  -3.76016  -4.26665  1.1894  -5.98359  2.94485  6.66899
26.8  -0.651538  -0.758616  -3.63377  -3.42438  -3.20053  2.74878  -4.10056  3.75565  5.56053
26.9  -0.889112  -0.45769  -3.95848  -3.02264  -1.56746  3.04495  -2.50574  4.16776  4.86302
27  -0.983078  -0.183187  -4.16118  -2.61211  -0.436833  2.34427  -1.66986  3.95762  4.29549
27.1  -0.999999  0.00156765  -4.31093  -2.24293  0.00209629  1.33721  -1.38957  3.3901  3.66384
27.2  -0.996428  0.08445  -4.44711  -1.93861  0.0276513  0.326258  -1.3542  2.68324  3.0056
27.3  -0.997726  0.0673956  -4.58224  -1.70779  -0.0452121  -0.669322  -1.33257  1.93015  2.34546
27.4  -0.998728  -0.0504137  -4.70609  -1.55223  0.0852662  -1.68918  -1.08012  1.18769  1.60539
27.5  -0.963551  -0.267525  -4.77932  -1.46749  0.723374  -2.6054  -0.261177  0.525364  0.586703
27.6  -0.833948  -0.551843  -4.73337  -1.44319  1.94032  -2.93222  1.27523  -0.0226466  1.27544
27.7  -0.573111  -0.819478  -4.51965  -1.47124  3.22789  -2.25747  2.94459  -0.542016  2.99406
27.8  -0.207229  -0.978293  -4.16537  -1.55544  3.96429  -0.839744  4.01285  -1.17277  4.18071
27.9  0.191829  -0.981428  -3.7402  -1.71569  3.87085  0.756594  4.40398  -2.09834  4.87833
28  0.540093  -0.841605  -3.29132  -1.99064  2.98665  1.91666  4.60413  -3.47677  5.76939
28.1  0.776757  -0.6298  -2.79983  -2.4209  1.73875  2.14447  5.38161  -5.12984  7.43485
28.2  0.895198  -0.44567  -2.18015  -3.00345  0.696954  1.39994  7.17351  -6.38716  9.60495
28.3  0.928784  -0.370621  -1.34497  -3.66152  0.0131455  0.0329428  9.5572  -6.56125  11.5927
28.4  0.894893  -0.44628  -0.278867  -4.27019  -0.771606  -1.54724  11.6506  -5.36028  12.8246
28.5  0.742981  -0.669313  0.949186  -4.66399  -2.48617  -2.75981  12.6173  -1.98017  12.7717
28.6  0.370356  -0.92889  2.13831  -4.51697  -4.76164  -1.8985  10.3563  5.55055  11.7499
28.7  -0.0948011  -0.995496  2.91923  -3.62525  -4.08889  0.389385  5.3747  11.2358  12.4552
28.8  -0.422397  -0.906411  3.27565  -2.43103  -2.49993  1.16499  2.02691  12.1451  12.313
28.9  -0.609175  -0.793036  3.36332  -1.26131  -1.30989  1.0062  -0.129115  11.023  11.0238
29  -0.697212  -0.716865  3.27675  -0.26123  -0.501846  0.488087  -1.46094  8.85315  8.97288
29.1  -0.716885  -0.697192  3.10171  0.493741  0.0861765  -0.0886107  -1.8809  6.2186  6.49682
29.2  -0.682089  -0.731269  2.93069  0.985647  0.608111  -0.567214  -1.40625  3.67147  3.93157
29.3  -0.594936  -0.803773  2.84169  1.24307  1.13566  -0.840588  -0.297936  1.56639  1.59447
29.4  -0.456269  -0.889842  2.87958  1.31744  1.62151  -0.831433  1.06506  0.00951573  1.06511
29.5  -0.276213  -0.961096  3.05023  1.26034  1.94301  -0.558408  2.29866  -1.09098  2.54442
29.6  -0.0759036  -0.997115  3.32543  1.10787  2.02281  -0.153983  3.1235  -1.93253  3.673
29.7  0.121272  -0.992619  3.65775  0.876431  1.89253  0.231218  3.43822  -2.69342  4.36759
29.8  0.298491  -0.954412  3.99715  0.56871  1.63816  0.512332  3.27666  -3.46651  4.77003
29.9  0.44725  -0.894409  4.29969  0.18201  1.33284  0.666489  2.71273  -4.27204  5.06056
30  0.564749  -0.825262  4.52824  -0.286026  1.01731  0.696173  1.80405  -5.08648  5.39693
30.1  0.650878  -0.759182  4.65018  -0.833753  0.706314  0.605552  0.585872  -5.85388  5.88313
30.2  0.706076  -0.708136  4.63623  -1.45235  0.397101  0.395946  -0.906246  -6.48694  6.54994
30.3  0.729786  -0.683676  4.46187  -2.12296  0.0725417  0.0774342  -2.60852  -6.87458  7.35283
30.4  0.718991  -0.695019  4.11082  -2.81527  -0.299468  -0.309797  -4.42091  -6.903  8.19731
30.5  0.666956  -0.745097  3.57802  -3.48839  -0.758035  -0.678538  -6.22283  -6.47754  8.98233
30.6  0.564019  -0.825762  2.87091  -4.09352  -1.314  -0.897504  -7.88487  -5.53623  9.63436
30.7  0.403273  -0.91508  2.0105  -4.57798  -1.89234  -0.833947  -9.26297  -4.06808  10.1169
30.8  0.190815  -0.981626  1.0331  -4.89194  -2.31297  -0.449612  -10.1979  -2.14803  10.4216
30.9  -0.0475242  -0.99887  -0.00956051  -4.99869  -2.38747  0.113591  -10.5496  0.0361215  10.5496
31  -0.273616  -0.961839  -1.0552  -4.88474  -2.07981  0.591648  -10.2555  2.22054  10.4932
31.1  -0.455609  -0.89018  -2.04028  -4.56289  -1.53954  0.787963  -9.35174  4.15871  10.2347
31.2  -0.580441  -0.814302  -2.90864  -4.06692  -0.964771  0.687696  -7.94196  5.68191  9.76518
31.3  -0.651432  -0.758707  -3.61653  -3.44351  -0.473028  0.406145  -6.16929  6.69709  9.10556
31.4  -0.678626  -0.734484  -4.13633  -2.74552  -0.0868854  0.0802777  -4.21268  7.17402  8.31945
31.5  -0.671519  -0.740988  -4.45968  -2.02545  0.218752  -0.198244  -2.27329  7.15133  7.50396
31.6  -0.636417  -0.771346  -4.59744  -1.32838  0.47847  -0.394773  -0.524342  6.73618  6.75656
31.7  -0.576384  -0.817179  -4.57425  -0.686612  0.721366  -0.508803  0.936172  6.06842  6.14021
31.8  -0.492068  -0.870557  -4.42081  -0.118906  0.966175  -0.546115  2.07949  5.27296  5.66819
31.9  -0.382884  -0.923797  -4.169  0.366692  1.21833  -0.504957  2.90306  4.43781  5.30301
32  -0.248524  -0.968626  -3.85132  0.76915  1.46593  -0.376119  3.39184  3.61673  4.95836
32.1  -0.0909964  -0.995851  -3.50324  1.09139  1.67343  -0.15291  3.50129  2.8353  4.50532
32.2  0.082757  -0.99657  -3.16582  1.33725  1.77826  0.14767  3.16892  2.08341  3.79245
32.3  0.258787  -0.965934  -2.88535  1.5068  1.70894  0.457848  2.36425  1.29108  2.6938
32.4  0.417674  -0.908597  -2.70645  1.58937  1.43779  0.660942  1.16162  0.315536  1.20371
32.5  0.541376  -0.840781  -2.65951  1.55804  1.02022  0.656917  -0.230986  -1.01264  1.03865
32.6  0.619956  -0.784637  -2.7493  1.37132  0.548589  0.43345  -1.52112  -2.80102  3.1874
32.7  0.650817  -0.759234  -2.94983  0.982992  0.0659306  0.0565159  -2.394  -5.0274  5.5683
32.8  0.631513  -0.775365  -3.20461  0.357832  -0.467479  -0.380748  -2.56635  -7.48588  7.91357
32.9  0.552374  -0.833597  -3.43439  -0.508507  -1.14904  -0.761401  -1.88378  -9.77196  9.95187
33  0.393306  -0.919407  -3.55267  -1.5746  -2.08011  -0.889836  -0.334848  -11.401  11.4059
33.1  0.126629  -0.99195  -3.467  -2.74859  -3.29181  -0.420222  2.27058  -11.7994  12.0159
33.2  -0.262025  -0.965061  -3.03713  -3.84582  -4.32028  1.173  6.6917  -9.43509  11.5672
33.3  -0.658122  -0.752911  -2.10898  -4.48051  -3.1661  2.7675  11.4611  -2.92568  11.8286
33.4  -0.86695  -0.498395  -0.885088  -4.49835  -1.1642  2.0251  12.4396  1.96341  12.5936
33.5  -0.927874  -0.372893  0.312084  -4.17585  -0.181633  0.45196  11.2966  4.19446  12.0502
33.6  -0.913958  -0.405809  1.34711  -3.70544  0.472935  -1.06514  9.33488  5.00749  10.5932
33.7  -0.821958  -0.569547  2.17921  -3.21397  1.44718  -2.08853  7.38105  4.64586  8.72147
33.8  -0.61126  -0.79143  2.84671  -2.80202  2.79779  -2.16087  6.10509  3.52729  7.05081
33.9  -0.268012  -0.963416  3.42112  -2.50948  3.9796  -1.10708  5.43646  2.3692  5.93028
34  0.157327  -0.987547  3.93092  -2.31421  4.35533  0.693851  4.67918  1.61501  4.95005
34.1  0.565925  -0.824457  4.3321  -2.17203  3.63151  2.49275  3.19982  1.28626  3.44866
34.2  0.853958  -0.520342  4.55013  -2.0495  2.05298  3.36924  1.14129  1.16556  1.63128
34.3  0.980713  -0.195454  4.57825  -1.94408  0.588985  2.9553  -0.41439  0.891007  0.982656
34.4  0.998666  0.0516265  4.5007  -1.88119  -0.101031  1.95435  -0.997958  0.329229  1.05086
34.5  0.980658  0.19573  4.39801  -1.88314  -0.18838  0.943834  -0.993907  -0.380336  1.06419
34.6  0.969897  0.243515  4.30928  -1.95842  -0.00542975  0.0216262  -0.762521  -1.12655  1.36035
34.7  0.979757  0.200192  4.24647  -2.10818  0.183156  -0.89638  -0.501271  -1.86495  1.93114
34.8  0.998115  0.0613768  4.20467  -2.32986  0.116572  -1.89571  -0.374665  -2.55444  2.58177
34.9  0.983677  -0.179941  4.1583  -2.61341  -0.532305  -2.90993  -0.653996  -3.06869  3.1376
35  0.862785  -0.505572  4.04583  -2.92801  -2.02065  -3.44835  -1.77005  -3.11907  3.58632
35.1  0.568021  -0.823014  3.77289  -3.21651  -3.81341  -2.63191  -3.77337  -2.5783  4.57012
35.2  0.136592  -0.990627  3.29509  -3.44499  -4.56874  -0.629959  -5.67576  -2.05458  6.03619
35.3  -0.298844  -0.954302  2.66008  -3.64591  -3.94953  1.23681  -6.94242  -2.05332  7.2397
35.4  -0.628409  -0.777883  1.91237  -3.86729  -2.58678  2.08972  -8.03253  -2.38895  8.38025
35.5  -0.817474  -0.575965  1.04528  -4.11576  -1.25028  1.77454  -9.35297  -2.48935  9.67858
35.6  -0.89299  -0.450076  0.0400231  -4.33974  -0.328196  0.65117  -10.7176  -1.84094  10.8746
35.7  -0.889696  -0.456553  -1.08012  -4.45202  0.409444  -0.797893  -11.5377  -0.228499  11.54
35.8  -0.796778  -0.604272  -2.22298  -4.34138  1.56076  -2.05798  -10.9811  2.72841  11.315
35.9  -0.563704  -0.825977  -3.18267  -3.84939  3.02808  -2.06657  -7.69722  7.22398  10.5562
36  -0.240216  -0.97072  -3.71426  -2.95339  3.18861  -0.789058  -3.0671  10.1722  10.6246
36.1  0.045745  -0.998953  -3.85055  -1.90387  2.48211  0.113663  0.06824  10.507  10.5072
36.2  0.255461  -0.966819  -3.74386  -0.893261  1.72728  0.456397  1.89477  9.56256  9.74847
36.3  0.395317  -0.918545  -3.50075  -0.0126407  1.09123  0.469637  2.83566  7.97198  8.46129
36.4  0.477664  -0.878543  -3.20177  0.690465  0.572599  0.311322  3.02481  6.06193  6.77469
36.5  0.512527  -0.858671  -2.91781  1.1987  0.134652  0.0803714  2.55681  4.11893  4.84797
36.6  0.506015  -0.862525  -2.70662  1.52054  -0.259781  -0.152405  1.60413  2.36036  2.85386
36.7  0.461496  -0.887142  -2.60576  1.68034  -0.62526  -0.325263  0.387902  0.885115  0.966383
36.8  0.382523  -0.923946  -2.63052  1.70694  -0.943336  -0.390551  -0.874008  -0.311153  0.927743
36.9  0.275786  -0.961219  -2.7756  1.6251  -1.17368  -0.336742  -1.98941  -1.29917  2.37605
37  0.151773  -0.988415  -3.01849  1.45074  -1.28657  -0.197555  -2.81044  -2.17819  3.55571
37.1  0.0222037  -0.999753  -3.32506  1.19019  -1.28905  -0.0286287  -3.25543  -3.0342  4.45019
37.2  -0.103578  -0.994621  -3.65642  0.84313  -1.21802  0.126843  -3.30716  -3.91199  5.12259
37.3  -0.22035  -0.975421  -3.97389  0.406938  -1.11494  0.251868  -2.98077  -4.81443  5.66249
37.4  -0.326475  -0.945206  -4.24035  -0.119645  -1.00834  0.34828  -2.28676  -5.71258  6.15328
37.5  -0.42226  -0.906475  -4.41852  -0.733486  -0.908144  0.423037  -1.20984  -6.54643  6.65729
37.6  -0.507978  -0.86137  -4.4683  -1.42336  -0.803186  0.473666  0.287292  -7.21085  7.21657
37.7  -0.581577  -0.813491  -4.34651  -2.16451  -0.657903  0.470345  2.21624  -7.53914  7.85814
37.8  -0.636381  -0.771375  -4.01454  -2.91334  -0.418465  0.345232  4.45158  -7.33548  8.58055
37.9  -0.660586  -0.75075  -3.45723  -3.6106  -0.041675  0.0366699  6.6534  -6.51044  9.30879
38  -0.639523  -0.768772  -2.6981  -4.19838  0.488736  -0.406568  8.4363  -5.17699  9.8981
38.1  -0.557416  -0.830234  -1.79044  -4.63545  1.17879  -0.791435  9.61206  -3.52413  10.2377
38.2  -0.400038  -0.916499  -0.796322  -4.89682  1.97398  -0.861614  10.1716  -1.67778  10.3091
38.3  -0.166219  -0.986089  0.224545  -4.96696  2.65642  -0.447777  10.1522  0.288013  10.1563
38.4  0.116145  -0.993232  1.21583  -4.8391  2.89397  0.338412  9.58622  2.25199  9.84718
38.5  0.391956  -0.919984  2.12635  -4.52441  2.53128  1.07844  8.55931  3.97904  9.43899
38.6  0.60941  -0.792855  2.91833  -4.05918  1.78698  1.37352  7.24947  5.23487  8.94196
38.7  0.748887  -0.662698  3.57279  -3.49564  1.02288  1.15592  5.83184  5.94954  8.33111
38.8  0.819826  -0.572613  4.0838  -2.88486  0.426812  0.611078  4.38457  6.19787  7.59197
38.9  0.839175  -0.543862  4.44858  -2.26787  -0.0239143  -0.0368996  2.90315  6.09126  6.74772
39  0.816418  -0.577462  4.66278  -1.67541  -0.432019  -0.610791  1.37493  5.71934  5.88229
39.1  0.751881  -0.659298  4.724  -1.13072  -0.864781  -0.986219  -0.13697  5.14626  5.14808
39.2  0.642646  -0.766163  4.64098  -0.650745  -1.32161  -1.10855  -1.48169  4.4368  4.67767
39.3  0.487946  -0.872874  4.43844  -0.245491  -1.76694  -0.987741  -2.50556  3.66314  4.43806
39.4  0.291188  -0.956666  4.15413  0.081449  -2.15347  -0.655467  -3.10229  2.87519  4.22976
39.5  0.0614975  -0.998107  3.83491  0.329054  -2.41104  -0.148554  -3.19146  2.07034  3.80417
39.6  -0.183384  -0.983041  3.53458  0.492345  -2.4396  0.455101  -2.72227  1.16742  2.96203
39.7  -0.415921  -0.909401  3.30704  0.553331  -2.15815  0.987045  -1.76529  -0.0128736  1.76533
39.8  -0.605861  -0.795571  3.1877  0.472842  -1.60886  1.22521  -0.632327  -1.69539  1.80947
39.9  -0.734599  -0.678501  3.16913  0.193804  -0.966496  1.04641  0.156488  -3.97916  3.98223
40  -0.800908  -0.598788  3.19052  -0.337007  -0.370306  0.495303  0.0996719  -6.67056  6.6713
40.1  -0.809032  -0.587765  3.15305  -1.1372  0.220709  -0.303796  -1.02166  -9.26283  9.319
40.2  -0.749595  -0.661896  2.9575  -2.16437  1.02962  -1.16604  -2.9985  -11.1048  11.5025
40.3  -0.585006  -0.811029  2.53645  -3.31233  2.38009  -1.71679  -5.50529  -11.5572  12.8015
40.4  -0.247435  -0.968905  1.83251  -4.3856  4.4606  -1.13913  -8.73402  -9.17149  12.6649
40.5  0.270913  -0.962604  0.78092  -4.92996  5.26338  1.48131  -11.9382  -0.729973  11.9605
40.6  0.676753  -0.736211  -0.410847  -4.58551  2.73128  2.5107  -11.3476  6.48862  13.0717
40.7  0.851468  -0.524406  -1.44389  -3.80028  0.969967  1.57492  -9.20789  8.70641  12.6723
40.8  0.900913  -0.434001  -2.23893  -2.91219  0.107923  0.22403  -6.66208  8.80156  11.0386
40.9  0.880245  -0.47452  -2.78152  -2.08432  -0.529023  -0.981348  -4.28702  7.56685  8.69688
41  0.788773  -0.614685  -3.12783  -1.42722  -1.34187  -1.72191  -2.83892  5.4942  6.18431
41.1  0.606307  -0.795231  -3.38902  -0.988575  -2.31012  -1.7613  -2.5561  3.32173  4.19137
41.2  0.333437  -0.942772  -3.66177  -0.746994  -3.08131  -1.08979  -2.94919  1.60633  3.35827
41.3  0.00754033  -0.999972  -3.97704  -0.649076  -3.34027  -0.0251875  -3.30049  0.426517  3.32794
41.4  -0.316362  -0.948639  -4.30527  -0.650911  -3.05755  1.01966  -3.16579  -0.430611  3.19494
41.5  -0.591108  -0.806592  -4.5904  -0.731591  -2.38968  1.75127  -2.4446  -1.17678  2.71309
41.6  -0.788503  -0.615031  -4.77932  -0.885921  -1.54992  1.98707  -1.28532  -1.91106  2.30308
41.7  -0.903722  -0.428121  -4.8445  -1.11385  -0.788371  1.66418  -0.0379775  -2.6482  2.64847
41.8  -0.955132  -0.296181  -4.79532  -1.41553  -0.287199  0.926169  0.969232  -3.38433  3.52038
41.9  -0.96856  -0.248781  -4.65968  -1.79009  -0.00188569  0.00734142  1.71295  -4.09934  4.44283
42  -0.955338  -0.295514  -4.455  -2.23262  0.28964  -0.936348  2.38906  -4.72924  5.29842
42.1  -0.901742  -0.432275  -4.17648  -2.72925  0.844194  -1.76102  3.22603  -5.15673  6.08269
42.2  -0.772899  -0.634529  -3.79826  -3.25124  1.7933  -2.18436  4.40424  -5.20305  6.81682
42.3  -0.537653  -0.843167  -3.28365  -3.75169  2.88888  -1.84212  5.9295  -4.71283  7.57428
42.4  -0.212069  -0.977255  -2.61002  -4.17879  3.4893  -0.757195  7.52029  -3.77641  8.41523
42.5  0.12963  -0.991562  -1.78801  -4.50193  3.20265  0.418691  8.86622  -2.6752  9.26102
42.6  0.407056  -0.913403  -0.847429  -4.7116  2.28405  1.01788  9.89371  -1.49547  10.0061
42.7  0.581875  -0.813279  0.17884  -4.79292  1.22135  0.873839  10.5601  -0.071937  10.5604
42.8  0.655597  -0.755111  1.24512  -4.71143  0.278536  0.241828  10.6381  1.7855  10.7869
42.9  0.641603  -0.767037  2.27368  -4.41893  -0.539338  -0.45114  9.73063  4.13864  10.5742
43  0.55397  -0.832537  3.1473  -3.87796  -1.16173  -0.773015  7.53707  6.63445  10.0411
43.1  0.424326  -0.905509  3.75546  -3.1199  -1.35493  -0.634926  4.59947  8.32233  9.50875
43.2  0.295262  -0.955416  4.07809  -2.25548  -1.18899  -0.367445  1.95549  8.7821  8.99718
43.3  0.190024  -0.981779  4.16896  -1.39176  -0.912098  -0.176537  -0.0295993  8.38819  8.38825
43.4  0.111958  -0.993713  4.09182  -0.592816  -0.65809  -0.0741444  -1.42495  7.53875  7.67224
43.5  0.0561893  -0.99842  3.89984  0.108976  -0.469057  -0.0263977  -2.34247  6.47601  6.88665
43.6  0.0157868  -0.999875  3.63645  0.700365  -0.350013  -0.00552629  -2.86537  5.35092  6.06982
43.7  -0.0158229  -0.999875  3.3377  1.18047  -0.290766  0.00460135  -3.05985  4.26364  5.24798
43.8  -0.0437857  -0.999041  3.03345  1.55646  -0.273827  0.0120012  -2.98453  3.27613  4.43175
43.9  -0.0713186  -0.997454  2.74804  1.84001  -0.278737  0.0199299  -2.69126  2.41706  3.61732
44  -0.0995957  -0.995028  2.501  2.0442  -0.285676  0.0285943  -2.22369  1.68691  2.79113
44.1  -0.127981  -0.991777  2.30791  2.18099  -0.278774  0.0359737  -1.61794  1.06412  1.93651
44.2  -0.154561  -0.987983  2.18097  2.25937  -0.248608  0.0388924  -0.905643  0.51144  1.04008
44.3  -0.176843  -0.984239  2.1293  2.28405  -0.193048  0.0346859  -0.118111  -0.0181905  0.119504
44.4  -0.192444  -0.981308  2.15869  2.25476  -0.115958  0.0227404  0.709006  -0.576629  0.913887
44.5  -0.199539  -0.97989  2.27096  2.16601  -0.0240581  0.00489905  1.53091  -1.21623  1.95522
44.6  -0.196949  -0.980414  2.46277  2.00721  0.0771622  -0.0155006  2.28896  -1.98455  3.02948
44.7  -0.183814  -0.982961  2.72414  1.76364  0.187422  -0.035048  2.90803  -2.91547  4.11784
44.8  -0.158923  -0.987291  3.03679  1.41842  0.314177  -0.0505729  3.29913  -4.01573  5.19715
44.9  -0.11994  -0.992781  3.37327  0.955934  0.472126  -0.0570384  3.36969  -5.25113  6.23933
45  -0.0628583  -0.998022  3.69726  0.366336  0.678939  -0.0427615  3.03675  -6.54079  7.21137
45.1  0.0179501  -0.999839  3.96481  -0.349991  0.948024  0.0170199  2.22886  -7.76215  8.07581
45.2  0.128812  -0.991669  4.12445  -1.17838  1.27729  0.165911  0.860684  -8.74934  8.79157
45.3  0.274025  -0.961723  4.11345  -2.08368  1.62007  0.461608  -1.21569  -9.2426  9.32221
45.4  0.4478  -0.894134  3.85176  -2.99486  1.80171  0.902333  -4.16378  -8.76397  9.70279
45.5  0.617131  -0.786861  3.26387  -3.78599  1.48236  1.16261  -7.56288  -6.81982  10.1837
45.6  0.727273  -0.686348  2.37431  -4.33152  0.684105  0.724897  -9.95933  -4.08422  10.7642
45.7  0.752363  -0.658748  1.32494  -4.61756  -0.182186  -0.208077  -10.8027  -1.74418  10.9426
45.8  0.68792  -0.725786  0.248085  -4.70153  -1.13942  -1.07997  -10.609  -0.0323558  10.6091
45.9  0.516682  -0.856178  -0.778691  -4.64062  -2.317  -1.39825  -9.8672  1.1861  9.93823
46  0.224799  -0.974405  -1.71584  -4.47211  -3.47158  -0.800909  -8.83516  2.17497  9.09893
46.1  -0.155666  -0.98781  -2.53529  -4.20299  -3.97113  0.6258  -7.49245  3.23201  8.15982
46.2  -0.53028  -0.847823  -3.20288  -3.82393  -3.33585  2.08644  -5.82296  4.31992  7.25042
46.3  -0.7981  -0.602525  -3.7024  -3.35299  -1.98455  2.62872  -4.22334  4.99273  6.53941
46.4  -0.934632  -0.355616  -4.06411  -2.84687  -0.831852  2.18628  -3.09967  5.03507  5.91269
46.5  -0.983585  -0.180448  -4.33732  -2.36046  -0.234529  1.27837  -2.4215  4.64282  5.23636
46.6  -0.994646  -0.103343  -4.55559  -1.92534  -0.0269222  0.259119  -1.95972  4.03662  4.48719
46.7  -0.991699  -0.12858  -4.7283  -1.5561  0.0985245  -0.759888  -1.4676  3.33951  3.64776
46.8  -0.967469  -0.25299  -4.83913  -1.25808  0.444948  -1.70154  -0.677139  2.6208  2.70687
46.9  -0.888803  -0.458289  -4.8475  -1.03161  1.19639  -2.32027  0.583757  1.90983  1.99706
47  -0.719056  -0.694952  -4.71494  -0.876263  2.21395  -2.29074  2.05567  1.19758  2.37907
47.1  -0.449635  -0.893213  -4.44837  -0.792484  3.12781  -1.57451  3.17945  0.475528  3.21481
47.2  -0.107266  -0.99423  -4.10171  -0.783492  3.6304  -0.391679  3.63421  -0.31955  3.64823
47.3  0.255546  -0.966797  -3.74317  -0.86544  3.5101  0.927799  3.45142  -1.38738  3.71983
47.4  0.572346  -0.820013  -3.41926  -1.07904  2.73205  1.90689  3.04963  -2.9871  4.26885
47.5  0.790647  -0.612272  -3.11381  -1.48132  1.62373  2.09678  3.22937  -5.11702  6.05084
47.6  0.903008  -0.429623  -2.73071  -2.10178  0.680875  1.4311  4.65937  -7.21447  8.58827
47.7  0.938287  -0.345857  -2.14459  -2.89456  0.0636978  0.172808  7.18291  -8.43849  11.0816
47.8  0.914682  -0.404175  -1.28782  -3.74318  -0.598636  -1.35476  9.90739  -8.28484  12.9149
47.9  0.791364  -0.611345  -0.183061  -4.49084  -2.08122  -2.69406  12.042  -6.24142  13.5633
48  0.448618  -0.893724  1.06887  -4.84534  -4.86731  -2.44322  12.4286  0.271561  12.4315
48.1  -0.0852642  -0.996358  2.1385  -4.32124  -5.05513  0.432597  8.50227  9.50013  12.7492
48.2  -0.485934  -0.873996  2.78111  -3.18189  -2.9658  1.64896  4.62319  12.3919  13.2262
48.3  -0.700576  -0.713577  3.10415  -1.94812  -1.44708  1.42072  1.97034  11.9529  12.1142
48.4  -0.795521  -0.605926  3.19756  -0.841159  -0.52957  0.695273  0.0184228  9.99747  9.99748
48.5  -0.817229  -0.576313  3.13746  0.0240405  0.0654521  -0.0928131  -1.04601  7.22869  7.30398
48.6  -0.784558  -0.620056  3.02476  0.600242  0.592796  -0.750066  -1.0327  4.32414  4.44575
48.7  -0.696196  -0.717851  2.96115  0.90197  1.18812  -1.15228  -0.120229  1.8018  1.80581
48.8  -0.545905  -0.837847  3.0165  0.981285  1.80932  -1.17888  1.26349  -0.109962  1.26826
48.9  -0.339636  -0.940557  3.21218  0.899172  2.27459  -0.821358  2.60171  -1.45289  2.97989
49  -0.10105  -0.994881  3.52097  0.702456  2.44569  -0.248408  3.47437  -2.44357  4.24762
49.1  0.140324  -0.990106  3.88547  0.414852  2.34417  0.332232  3.70641  -3.29903  4.96196
49.2  0.362037  -0.932164  4.24127  0.0433077  2.06865  0.803431  3.30967  -4.13183  5.29396
49.3  0.550846  -0.834607  4.52838  -0.411289  1.69494  1.11867  2.34139  -4.9555  5.48079
49.4  0.698971  -0.71515  4.69234  -0.945448  1.2593  1.23081  0.859206  -5.70676  5.77107
49.5  0.801576  -0.597894  4.68753  -1.54624  0.791493  1.06113  -0.996832  -6.26676  6.34554
49.6  0.857767  -0.514039  4.49022  -2.18893  0.338559  0.564945  -2.93511  -6.53487  7.16375
49.7  0.869976  -0.493094  4.10711  -2.84277  -0.0974623  -0.171955  -4.68352  -6.49015  8.00359
49.8  0.835039  -0.55019  3.56223  -3.47635  -0.631829  -0.958945  -6.17468  -6.1249  8.69719
49.9  0.735041  -0.678023  2.87891  -4.05498  -1.4171  -1.53628  -7.464  -5.37516  9.19803
50  0.54357  -0.839364  2.07483  -4.53466  -2.42959  -1.5734  -8.58891  -4.12571  9.52843
50.1  0.254437  -0.967089  1.16892  -4.86115  -3.27537  -0.861735  -9.4756  -2.3178  9.75496
50.2  -0.0865134  -0.996251  0.193397  -4.98644  -3.39494  0.294814  -9.95095  -0.165088  9.95232
50.3  -0.396763  -0.917921  -0.804377  -4.8971  -2.70868  1.1708  -9.92031  1.90954  10.1024
50.4  -0.617508  -0.786564  -1.77507  -4.61541  -1.69974  1.33441  -9.41939  3.66828  10.1085
50.5  -0.741167  -0.671321  -2.67305  -4.17387  -0.812711  0.897268  -8.46032  5.11541  9.88658
50.6  -0.787885  -0.615822  -3.44976  -3.60153  -0.154796  0.198047  -6.98079  6.28368  9.39234
50.7  -0.776868  -0.629663  -4.05051  -2.9282  0.359093  -0.443043  -4.94831  7.11591  8.66729
50.8  -0.718978  -0.695033  -4.42726  -2.19459  0.784059  -0.811071  -2.56225  7.46409  7.89163
50.9  -0.623635  -0.781716  -4.56671  -1.45411  1.1052  -0.881703  -0.283192  7.26011  7.26563
51  -0.501129  -0.865373  -4.49964  -0.756361  1.33242  -0.771594  1.53459  6.64396  6.81888
51.1  -0.358981  -0.933345  -4.27796  -0.132345  1.50377  -0.578378  2.81035  5.81419  6.45778
51.2  -0.201505  -0.979488  -3.95469  0.403844  1.63969  -0.337325  3.5712  4.90315  6.06583
51.3  -0.0326246  -0.999468  -3.58052  0.847813  1.72674  -0.0563641  3.82651  3.97647  5.51856
51.4  0.140742  -0.990046  -3.20696  1.19922  1.72022  0.244541  3.55538  3.05076  4.68486
51.5  0.306472  -0.95188  -2.88702  1.45678  1.56708  0.504545  2.76106  2.08756  3.46141
51.6  0.448717  -0.893674  -2.6691  1.61216  1.25436  0.629818  1.5414  0.986963  1.8303
51.7  0.553749  -0.832684  -2.58621  1.64535  0.83567  0.555735  0.100616  -0.375665  0.388906
51.8  0.614789  -0.788691  -2.64792  1.52534  0.384013  0.29934  -1.30719  -2.08521  2.46107
51.9  0.630412  -0.776261  -2.83783  1.21654  -0.0737665  -0.0599067  -2.41966  -4.14266  4.79754
52  0.598753  -0.800934  -3.11334  0.689156  -0.571184  -0.426999  -2.97817  -6.42324  7.08008
52.1  0.51257  -0.858645  -3.40814  -0.066156  -1.17647  -0.702298  -2.78135  -8.64215  9.07869
52.2  0.357646  -0.933857  -3.64133  -1.0245  -1.95432  -0.748458  -1.7351  -10.4195  10.5629
52.3  0.115246  -0.993337  -3.72226  -2.12184  -2.9198  -0.338752  0.314949  -11.3386  11.343
52.4  -0.226143  -0.974094  -3.52522  -3.23597  -3.8353  0.890391  3.9747  -10.5009  11.228
52.5  -0.605989  -0.795473  -2.86507  -4.09647  -3.37615  2.57194  9.25536  -6.0726  11.0697
52.6  -0.846408  -0.532534  -1.77026  -4.42439  -1.45651  2.31497  11.966  -0.87126  11.9977
52.7  -0.928332  -0.371751  -0.56668  -4.35537  -0.332462  0.830219  11.8045  1.93207  11.9616
52.8  -0.929581  -0.368619  0.551343  -4.08438  0.294059  -0.741556  10.4294  3.29792  10.9384
52.9  -0.861244  -0.508191  1.50616  -3.73238  1.1525  -1.95317  8.669  3.5659  9.37375
53  -0.682257  -0.731112  2.29615  -3.40115  2.49179  -2.32528  7.22583  2.9555  7.80689
53.1  -0.360503  -0.932758  2.96879  -3.14992  3.89244  -1.5044  6.28433  2.08728  6.6219
53.2  0.0729439  -0.997336  3.55187  -2.97144  4.60205  0.336588  5.30412  1.57383  5.53269
53.3  0.516969  -0.856004  4.00426  -2.8153  4.04058  2.44024  3.59098  1.64001  3.94776
53.4  0.839943  -0.542675  4.25074  -2.63229  2.30467  3.56713  1.34953  2.00809  2.41943
53.5  0.980764  -0.1952  4.30094  -2.42599  0.634159  3.18628  -0.147463  2.02296  2.02832
53.6  0.997252  0.0740795  4.25715  -2.2439  -0.16103  2.16777  -0.590711  1.56349  1.67136
53.7  0.970969  0.239204  4.20113  -2.12005  -0.284559  1.15507  -0.47304  0.897017  1.0141
53.8  0.950986  0.309235  4.1693  -2.06615  -0.0848909  0.261064  -0.146158  0.178056  0.23036
53.9  0.95622  0.292648  4.17314  -2.08462  0.18264  -0.596773  0.219468  -0.546938  0.589327
54  0.982318  0.187222  4.2103  -2.175  0.292023  -1.53219  0.495324  -1.25438  1.34863
54.1  0.99984  -0.0178626  4.26213  -2.33248  -0.0460984  -2.58031  0.459884  -1.86717  1.92297
54.2  0.945922  -0.324395  4.27752  -2.5381  -1.18935  -3.46808  -0.325792  -2.16844  2.19278
54.3  0.735974  -0.67701  4.15834  -2.74762  -3.0594  -3.32586  -2.22007  -1.93859  2.94734
54.4  0.351244  -0.936284  3.82374  -2.92167  -4.43874  -1.66518  -4.38964  -1.57931  4.6651
54.5  -0.104887  -0.994484  3.30798  -3.08071  -4.45666  0.470038  -5.78508  -1.70315  6.03058
54.6  -0.503318  -0.864102  2.68389  -3.28106  -3.38177  1.96979  -6.67651  -2.37495  7.08634
54.7  -0.768237  -0.640166  1.9647  -3.56097  -1.91879  2.30266  -7.79275  -3.19348  8.42172
54.8  -0.897658  -0.440693  1.10784  -3.90161  -0.755237  1.53836  -9.41042  -3.47707  10.0322
54.9  -0.935346  -0.353735  0.0809331  -4.22248  -0.0513531  0.135788  -11.0754  -2.76012  11.4142
55  -0.907517  -0.420015  -1.08394  -4.41612  0.675673  -1.45991  -12.0412  -0.898487  12.0746
55.1  -0.773195  -0.634168  -2.27187  -4.34281  2.1791  -2.65682  -11.2716  2.77865  11.609
55.2  -0.463214  -0.886246  -3.21633  -3.78803  3.81123  -1.99202  -7.05966  8.32191  10.913
55.3  -0.0847602  -0.996401  -3.66366  -2.78287  3.49192  -0.297045  -2.19889  11.1036  11.3192
55.4  0.215612  -0.976479  -3.7254  -1.66089  2.50615  0.553372  0.685296  11.0384  11.0596
55.5  0.420606  -0.907243  -3.56874  -0.615555  1.62448  0.753124  2.28036  9.7234  9.98722
55.6  0.546795  -0.837266  -3.29928  0.261691  0.928311  0.606254  2.96756  7.74313  8.29231
55.7  0.611162  -0.791505  -3.00248  0.923595  0.377924  0.291814  2.84017  5.47967  6.17198
55.8  0.624962  -0.780655  -2.75406  1.35995  -0.0944853  -0.0756414  2.03234  3.28164  3.85999
55.9  0.59292  -0.805262  -2.61099  1.58952  -0.54552  -0.40167  0.776064  1.36644  1.57144
56  0.516119  -0.856517  -2.60513  1.64505  -0.986604  -0.594507  -0.668858  -0.19805  0.697564
56.1  0.397505  -0.9176  -2.74244  1.56046  -1.37006  -0.593513  -2.04514  -1.4489  2.50637
56.2  0.246509  -0.96914  -3.00379  1.36229  -1.6241  -0.413105  -3.11395  -2.49014  3.98717
56.3  0.0780569  -0.996949  -3.34928  1.06542  -1.72009  -0.134676  -3.70921  -3.44027  5.05902
56.4  -0.0933211  -0.995636  -3.72786  0.674724  -1.69121  0.158517  -3.77419  -4.37384  5.77711
56.5  -0.257815  -0.966194  -4.08686  0.190695  -1.59023  0.42433  -3.32116  -5.30468  6.25857
56.6  -0.4101  -0.912041  -4.37522  -0.384976  -1.44975  0.651881  -2.36009  -6.19668  6.6309
56.7  -0.54645  -0.837492  -4.54109  -1.04443  -1.26832  0.82756  -0.864934  -6.95937  7.01291
56.8  -0.661299  -0.750122  -4.52987  -1.76707  -1.01266  0.892747  1.17421  -7.4263  7.51856
56.9  -0.745219  -0.666819  -4.29375  -2.51288  -0.647402  0.723519  3.57594  -7.39465  8.2139
57  -0.78737  -0.616481  -3.81798  -3.22711  -0.182269  0.232794  5.88087  -6.80574  8.9946
57.1  -0.778487  -0.627661  -3.13444  -3.86023  0.380848  -0.472365  7.69282  -5.80146  9.63517
57.2  -0.705029  -0.709179  -2.29863  -4.37802  1.12747  -1.12088  8.9336  -4.51155  10.0082
57.3  -0.54507  -0.838391  -1.36433  -4.75359  2.10117  -1.36605  9.677  -2.9513  10.117
57.4  -0.284752  -0.958601  -0.378258  -4.95751  3.06376  -0.910087  9.96882  -1.07155  10.0262
57.5  0.0491787  -0.99879  0.613207  -4.95882  3.48009  0.171353  9.77439  1.06785  9.83255
57.6  0.381031  -0.924562  1.5605  -4.74672  3.02228  1.24554  9.09831  3.12053  9.61857
57.7  0.635399  -0.772184  2.42205  -4.35099  2.02947  1.66997  8.09351  4.69733  9.35787
57.8  0.788576  -0.614937  3.17347  -3.82621  1.07372  1.37691  6.91126  5.71223  8.96633
57.9  0.859867  -0.510518  3.79913  -3.22359  0.398688  0.671512  5.57163  6.27573  8.39213
58  0.875118  -0.483909  4.28039  -2.58251  -0.074576  -0.134866  4.01039  6.49354  7.63212
58.1  0.846077  -0.53306  4.59238  -1.93492  -0.510521  -0.810304  2.19054  6.40794  6.77202
58.2  0.771725  -0.635956  4.71433  -1.31113  -0.981855  -1.19147  0.252881  6.01866  6.02397
58.3  0.649743  -0.760154  4.64969  -0.739924  -1.45334  -1.24225  -1.48679  5.37143  5.5734
58.4  0.482661  -0.875807  4.43205  -0.24154  -1.8779  -1.03492  -2.78013  4.58302  5.36033
58.5  0.276697  -0.960957  4.11188  0.175418  -2.22532  -0.640755  -3.52768  3.75462  5.15186
58.6  0.0418194  -0.999125  3.74653  0.509219  -2.44391  -0.102292  -3.67392  2.91877  4.69222
58.7  -0.204699  -0.978825  3.39892  0.757239  -2.44056  0.510389  -3.16855  2.02149  3.75847
58.8  -0.435951  -0.899971  3.13311  0.906071  -2.1324  1.03295  -2.0643  0.898374  2.25132
58.9  -0.622351  -0.782739  2.99655  0.92124  -1.56676  1.24572  -0.654877  -0.690928  0.95197
59  -0.746989  -0.664836  2.99566  0.746743  -0.931002  1.04604  0.558949  -2.9044  2.9577
59.1  -0.811152  -0.584836  3.08474  0.321834  -0.366814  0.508761  1.06929  -5.66205  5.76213
59.2  -0.821626  -0.570027  3.1744  -0.391669  0.164714  -0.237416  0.537483  -8.58913  8.60593
59.3  -0.772597  -0.634897  3.15728  -1.38057  0.867128  -1.0552  -1.03015  -11.0542  11.1021
59.4  -0.632767  -0.774342  2.9443  -2.56448  2.03135  -1.65995  -3.33359  -12.3803  12.8212
59.5  -0.342009  -0.939697  2.46502  -3.78936  3.90779  -1.42227  -6.43913  -11.6144  13.2799
59.6  0.152118  -0.988362  1.60663  -4.71454  5.62701  0.86605  -10.845  -5.56378  12.1889
59.7  0.633124  -0.774051  0.3962  -4.76703  3.50412  2.86615  -12.5294  3.8175  13.098
59.8  0.858818  -0.512281  -0.791022  -4.15618  1.26089  2.11383  -10.9632  7.64851  13.3676
59.9  0.927763  -0.37317  -1.76805  -3.32827  0.256755  0.638337  -8.48276  8.61102  12.0875
60  0.923995  -0.382405  -2.47901  -2.48468  -0.323181  -0.780893  -5.76762  8.03214  9.88841
60.1  0.856888  -0.515502  -2.94406  -1.76161  -1.07465  -1.78632  -3.71944  6.28094  7.29962
60.2  0.698598  -0.715514  -3.26632  -1.24412  -2.12323  -2.07304  -2.9415  4.06455  5.01727
60.3  0.434002  -0.900912  -3.56583  -0.937927  -3.11672  -1.50144  -3.15052  2.15149  3.81506
60.4  0.0928364  -0.995681  -3.90206  -0.793743  -3.59745  -0.335422  -3.53889  0.82304  3.63333
60.5  -0.263251  -0.964727  -4.25797  -0.75933  -3.42099  0.933505  -3.47358  -0.0893244  3.47473
60.6  -0.573981  -0.818868  -4.57396  -0.806248  -2.72477  1.90991  -2.73344  -0.83793  2.85899
60.7  -0.798855  -0.601524  -4.78567  -0.926004  -1.75174  2.32641  -1.43568  -1.55706  2.11792
60.8  -0.926205  -0.37702  -4.85708  -1.11744  -0.836153  2.05413  -0.0212716  -2.27207  2.27216
60.9  -0.97813  -0.207993  -4.80242  -1.38052  -0.269997  1.26971  1.03627  -2.99079  3.16523
61  -0.991597  -0.129365  -4.66362  -1.71563  -0.0376841  0.288853  1.6889  -3.70798  4.0745
61.1  -0.988486  -0.151311  -4.47021  -2.12047  0.111477  -0.728259  2.17342  -4.37403  4.88425
61.2  -0.961773  -0.273849  -4.226  -2.58574  0.485564  -1.70533  2.74603  -4.89695  5.61434
61.3  -0.874889  -0.484324  -3.9101  -3.08961  1.34492  -2.42948  3.64574  -5.10999  6.27721
61.4  -0.677194  -0.735805  -3.4803  -3.58933  2.64693  -2.43609  5.03044  -4.77748  6.93755
61.5  -0.353022  -0.935615  -2.89341  -4.02535  3.71883  -1.40318  6.71581  -3.8673  7.74972
61.6  0.0315439  -0.999502  -2.14304  -4.35676  3.78176  0.119351  8.23243  -2.76347  8.68387
61.7  0.37116  -0.928569  -1.25871  -4.58145  2.90211  1.16001  9.40315  -1.74067  9.56291
61.8  0.601517  -0.79886  -0.271637  -4.7024  1.70314  1.28241  10.2922  -0.638804  10.312
61.9  0.716859  -0.697219  0.786599  -4.69661  0.642066  0.660153  10.7824  0.836978  10.8148
62  0.73586  -0.677133  1.85924  -4.51615  -0.246252  -0.267609  10.4984  2.87653  10.8854
62.1  0.668537  -0.743679  2.84233  -4.10145  -1.08997  -0.979836  8.89946  5.48725  10.4552
62.2  0.526997  -0.849867  3.58946  -3.42306  -1.65976  -1.02921  5.87668  7.94023  9.87839
62.3  0.356363  -0.934348  4.01153  -2.55909  -1.67239  -0.637855  2.65135  9.08924  9.46805
62.4  0.202495  -0.979283  4.14644  -1.64661  -1.38183  -0.285733  0.19003  9.00407  9.00608
62.5  0.0812252  -0.996696  4.07539  -0.780629  -1.04708  -0.085331  -1.49727  8.23686  8.37184
62.6  -0.0085845  -0.999963  3.86706  -0.0103328  -0.759531  0.00652043  -2.57896  7.13187  7.58384
62.7  -0.072898  -0.997339  3.57612  0.641153  -0.537385  0.0392788  -3.16329  5.88733  6.68334
62.8  -0.118028  -0.99301  3.24854  1.16713  -0.373664  0.0444131  -3.32323  4.64131  5.70839
62.9  -0.149044  -0.988831  2.92319  1.57268  -0.25215  0.0380061  -3.13177  3.49178  4.69047
63  -0.169277  -0.985569  2.63115  1.87058  -0.155328  0.0266785  -2.67129  2.49356  3.65426
63.1  -0.180482  -0.983578  2.39509  2.07689  -0.0699617  0.0128376  -2.02593  1.6589  2.61846
63.2  -0.183436  -0.983032  2.2296  2.20715  0.0100982  -0.00188435  -1.27112  0.96722  1.59726
63.3  -0.178653  -0.983912  2.14245  2.27377  0.0842594  -0.0152993  -0.468206  0.378334  0.601958
63.4  -0.166938  -0.985967  2.13596  2.28461  0.147799  -0.0250244  0.334932  -0.156789  0.369814
63.5  -0.149629  -0.988742  2.20816  2.24249  0.195438  -0.0295762  1.09991  -0.689559  1.29819
63.6  -0.128468  -0.991714  2.35353  2.14511  0.224868  -0.0291296  1.7928  -1.26975  2.1969
63.7  -0.105164  -0.994455  2.56317  1.98548  0.239397  -0.0253163  2.37924  -1.9414  3.0708
63.8  -0.0807606  -0.996734  2.82454  1.75267  0.24905  -0.0201793  2.82026  -2.73718  3.93015
63.9  -0.0549905  -0.998487  3.12084  1.4334  0.269749  -0.0148561  3.06948  -3.67105  4.78522
64  -0.0257956  -0.999667  3.43024  1.01424  0.320848  -0.00827922  3.07259  -4.73051  5.64079
64.1  0.0108442  -0.999941  3.72517  0.484584  0.421605  0.00457223  2.76959  -5.87016  6.49072
64.2  0.0606995  -0.998156  3.97185  -0.159777  0.587015  0.0356973  2.09683  -7.00779  7.31477
64.3  0.130605  -0.991435  4.12983  -0.91284  0.822096  0.108297  0.981825  -8.01938  8.07926
64.4  0.226928  -0.973912  4.15025  -1.75334  1.10903  0.258412  -0.674084  -8.7171  8.74312
64.5  0.351732  -0.936101  3.97275  -2.63557  1.36977  0.514681  -2.99525  -8.78576  9.2823
64.6  0.493244  -0.869891  3.52971  -3.47371  1.39727  0.79228  -5.93416  -7.7573  9.76678
64.7  0.614924  -0.788587  2.79026  -4.14536  0.960361  0.74887  -8.72567  -5.52812  10.3294
64.8  0.674186  -0.738561  1.8257  -4.56923  0.198294  0.18101  -10.3329  -2.9847  10.7553
64.9  0.651066  -0.759021  0.764931  -4.7574  -0.679532  -0.582882  -10.7137  -0.868634  10.7489
65  0.53331  -0.84592  -0.290913  -4.76008  -1.70197  -1.07301  -10.3072  0.739027  10.3336
65.1  0.30833  -0.95128  -1.28169  -4.62168  -2.78253  -0.901875  -9.45345  1.98797  9.66021
65.2  -0.0115505  -0.999933  -2.17107  -4.3669  -3.5103  0.0405486  -8.2824  3.1013  8.84399
65.3  -0.365039  -0.930992  -2.92738  -4.00254  -3.39789  1.3323  -6.79563  4.16676  7.97135
65.4  -0.662484  -0.749076  -3.5255  -3.54248  -2.45674  2.17275  -5.17427  4.958  7.16622
65.5  -0.850118  -0.526593  -3.97056  -3.02916  -1.32415  2.13768  -3.79033  5.21275  6.4451
65.6  -0.939442  -0.342707  -4.29718  -2.51655  -0.536341  1.47024  -2.8045  4.97366  5.70986
65.7  -0.970602  -0.240691  -4.54091  -2.04428  -0.136532  0.550576  -2.10013  4.43763  4.90949
65.8  -0.97224  -0.233984  -4.71935  -1.63368  0.099633  -0.413991  -1.45941  3.75968  4.033
65.9  -0.947048  -0.321091  -4.82695  -1.29392  0.441733  -1.30288  -0.645209  3.03214  3.10003
66  -0.874183  -0.485597  -4.83732  -1.0274  1.06655  -1.92004  0.489826  2.2986  2.35021
66.1  -0.726027  -0.687667  -4.72334  -0.834218  1.91616  -2.02304  1.78457  1.56615  2.37434
66.2  -0.49188  -0.870663  -4.48882  -0.714183  2.73977  -1.54783  2.83304  0.834557  2.95341
66.3  -0.187368  -0.98229  -4.17505  -0.668589  3.28573  -0.626742  3.33995  0.0624843  3.34054
66.4  0.149226  -0.988803  -3.8409  -0.707993  3.35232  0.505918  3.25331  -0.900942  3.37575
66.5  0.463422  -0.886138  -3.53651  -0.863358  2.83849  1.48444  2.81696  -2.29706  3.6348
66.6  0.702678  -0.711508  -3.269  -1.18667  1.90842  1.88474  2.64278  -4.25346  5.00761
66.7  0.844655  -0.535311  -2.97486  -1.7233  0.960505  1.51556  3.4441  -6.46944  7.32908
66.8  0.903092  -0.429447  -2.54012  -2.4652  0.247137  0.519709  5.41885  -8.22758  9.85176
66.9  0.89654  -0.442962  -1.87079  -3.33119  -0.405365  -0.820446  7.99831  -8.87237  11.9454
67  0.805392  -0.592743  -0.946561  -4.18867  -1.56324  -2.12406  10.4148  -7.95984  13.1083
67.1  0.543171  -0.839622  0.18983  -4.82399  -3.88589  -2.51388  12.0909  -3.93073  12.7138
67.2  0.0463009  -0.998928  1.36961  -4.77369  -5.45239  -0.252721  10.7516  5.42786  12.044
67.3  -0.413304  -0.910593  2.25265  -3.89265  -3.51393  1.59492  6.97317  10.9704  12.999
67.4  -0.669054  -0.743214  2.79958  -2.73535  -1.73345  1.56048  4.09782  11.7137  12.4098
67.5  -0.783866  -0.620931  3.09113  -1.61311  -0.657099  0.829525  1.81887  10.4995  10.6559
67.6  -0.813814  -0.581125  3.18516  -0.67187  0.0184903  -0.025894  0.205048  8.19539  8.19796
67.7  -0.783694  -0.621147  3.16605  0.0108989  0.584167  -0.737037  -0.404455  5.44101  5.45602
67.8  -0.695182  -0.718834  3.13862  0.422218  1.19734  -1.15794  0.0033463  2.85373  2.85373
67.9  -0.543607  -0.83934  3.18845  0.600025  1.82425  -1.18149  1.05784  0.805696  1.32972
68  -0.335829  -0.941923  3.35362  0.603371  2.28919  -0.816175  2.22001  -0.651009  2.31349
68.1  -0.0959897  -0.995382  3.62053  0.483641  2.45475  -0.236724  3.03513  -1.6951  3.4764
68.2  0.145535  -0.989353  3.94191  0.270624  2.33568  0.34358  3.29551  -2.54844  4.16592
68.3  0.364953  -0.931026  4.26085  -0.0243896  2.02976  0.795646  2.99437  -3.34934  4.49269
68.4  0.548224  -0.836332  4.52424  -0.398999  1.62443  1.06483  2.19703  -4.14094  4.68768
68.5  0.688382  -0.725349  4.68639  -0.851429  1.17499  1.11511  0.985401  -4.89672  4.99489
68.6  0.783097  -0.6219  4.7116  -1.37478  0.72225  0.909458  -0.514868  -5.54576  5.56961
68.7  0.833761  -0.552125  4.5799  -1.95442  0.296634  0.447946  -2.12116  -6.01106  6.37434
68.8  0.842784  -0.538253  4.28897  -2.56896  -0.120363  -0.188462  -3.68347  -6.2352  7.24194
68.9  0.806894  -0.590696  3.84604  -3.19138  -0.621331  -0.848741  -5.16289  -6.15597  8.03439
69  0.712206  -0.701971  3.25839  -3.78693  -1.30661  -1.32566  -6.58174  -5.67951  8.69345
69.1  0.540389  -0.841415  2.53197  -4.31036  -2.1377  -1.37291  -7.92932  -4.69798  9.21657
69.2  0.289367  -0.957218  1.67844  -4.70828  -2.82412  -0.853731  -9.09561  -3.17616  9.63422
69.3  -0.00614744  -0.999981  0.725149  -4.93256  -2.97687  0.0183005  -9.89245  -1.26771  9.97334
69.4  -0.284543  -0.958663  -0.283031  -4.95866  -2.50487  0.743475  -10.1804  0.740574  10.2073
69.5  -0.495906  -0.868376  -1.2927  -4.78821  -1.7002  0.970939  -9.92108  2.64202  10.2668
69.6  -0.624975  -0.780645  -2.24836  -4.43641  -0.901322  0.721588  -9.09469  4.35993  10.0857
69.7  -0.681436  -0.731878  -3.09152  -3.92429  -0.256094  0.238443  -7.66745  5.8336  9.63435
69.8  -0.681477  -0.731839  -3.76301  -3.28217  0.231144  -0.215237  -5.68307  6.93083  8.96291
69.9  -0.639987  -0.768386  -4.218  -2.55664  0.576559  -0.480214  -3.40081  7.47787  8.21487
70  -0.570384  -0.821378  -4.44711  -1.80676  0.79833  -0.554379  -1.23066  7.42813  7.52939
70.1  -0.48296  -0.875643  -4.47742  -1.08613  0.941554  -0.519313  0.549223  6.9262  6.94794
70.2  -0.383064  -0.923722  -4.35248  -0.430036  1.05416  -0.437158  1.87546  6.16637  6.44527
70.3  -0.272246  -0.962228  -4.11643  0.143321  1.16217  -0.328815  2.77797  5.28962  5.97471
70.4  -0.150714  -0.988577  -3.81003  0.626785  1.26671  -0.193117  3.28481  4.37854  5.47372
70.5  -0.0196923  -0.999806  -3.47266  1.01936  1.3468  -0.0265268  3.39523  3.47647  4.85936
70.6  0.116543  -0.993186  -3.14479  1.32278  1.36362  0.160011  3.09224  2.59424  4.03634
70.7  0.249472  -0.968382  -2.86797  1.53792  1.27483  0.328419  2.37924  1.70213  2.92541
70.8  0.3673  -0.930102  -2.68057  1.66035  1.06207  0.419415  1.32107  0.724148  1.50653
70.9  0.458464  -0.888713  -2.61072  1.67646  0.748329  0.386044  0.0570112  -0.441105  0.444774
71  0.51509  -0.857136  -2.66971  1.563  0.378295  0.227334  -1.22111  -1.87741  2.23959
71.1  0.533216  -0.845979  -2.84812  1.29097  -0.0199169  -0.0125535  -2.29346  -3.61003  4.27694
71.2  0.509946  -0.860207  -3.11386  0.833327  -0.45384  -0.269044  -2.93017  -5.56786  6.29182
71.3  0.440053  -0.897972  -3.41299  0.176283  -0.959712  -0.470309  -2.9352  -7.55581  8.1059
71.4  0.314146  -0.949375  -3.67604  -0.669296  -1.58022  -0.522892  -2.19544  -9.28772  9.54367
71.5  0.11948  -0.992837  -3.82411  -1.66226  -2.3332  -0.280783  -0.607753  -10.4454  10.463
71.6  -0.154257  -0.988031  -3.75842  -2.72298  -3.12093  0.487256  2.17241  -10.5091  10.7313
71.7  -0.486021  -0.873947  -3.33117  -3.68555  -3.29844  1.83433  6.61953  -8.20198  10.54
71.8  -0.757616  -0.652701  -2.44938  -4.27733  -1.96656  2.28267  10.5817  -3.57412  11.169
71.9  -0.881716  -0.471781  -1.31849  -4.44786  -0.633623  1.18418  11.6206  -0.161952  11.6217
72  -0.904167  -0.427179  -0.179279  -4.36095  0.138666  -0.2935  10.9848  1.70515  11.1163
72.1  -0.852136  -0.52332  0.855139  -4.14067  0.95654  -1.55756  9.64506  2.54315  9.9747
72.2  -0.698155  -0.715947  1.7479  -3.88088  2.19432  -2.13979  8.24695  2.53804  8.62867
72.3  -0.406431  -0.913682  2.51427  -3.64672  3.62104  -1.61074  7.12374  2.13248  7.43607
72.4  0.0085823  -0.999963  3.17266  -3.44712  4.52398  0.0388276  5.99246  1.93751  6.2979
72.5  0.45618  -0.889887  3.69271  -3.2404  4.18013  2.14285  4.2839  2.28574  4.85556
72.6  0.799722  -0.60037  4.01446  -2.98059  2.55338  3.40123  2.16835  2.8812  3.60597
72.7  0.965116  -0.261823  4.15106  -2.68045  0.858389  3.16414  0.741232  3.00981  3.09974
72.8  0.99996  0.00894678  4.1953  -2.39725  -0.0197249  2.20461  0.270934  2.59059  2.60472
72.9  0.98409  0.17767  4.22254  -2.1702  -0.213539  1.18277  0.328385  1.93025  1.95798
73  0.968568  0.248749  4.26744  -2.01343  -0.0646964  0.251912  0.585364  1.19988  1.33505
73.1  0.973418  0.229035  4.34024  -1.93072  0.153069  -0.650559  0.861698  0.454115  0.974035
73.2  0.993235  0.116118  4.43504  -1.92202  0.190042  -1.62555  0.991286  -0.272493  1.02806
73.3  0.995116  -0.098715  4.52416  -1.98175  -0.264498  -2.66633  0.681686  -0.893063  1.1235
73.4  0.913392  -0.407081  4.54148  -2.09142  -1.50649  -3.38021  -0.514607  -1.24368  1.34594
73.5  0.677579  -0.73545  4.39152  -2.22092  -3.20066  -2.9488  -2.54908  -1.31973  2.87045
73.6  0.294987  -0.955501  4.04067  -2.35901  -4.27712  -1.32045  -4.33962  -1.48725  4.5874
73.7  -0.139557  -0.990214  3.55139  -2.53195  -4.22554  0.595531  -5.33051  -2.04979  5.71104
73.8  -0.517969  -0.855399  2.98613  -2.78447  -3.22214  1.9511  -5.98306  -3.06403  6.722
73.9  -0.771172  -0.636626  2.34072  -3.14981  -1.84004  2.22892  -7.04361  -4.21427  8.20808
74  -0.895321  -0.445422  1.55277  -3.60878  -0.721231  1.44971  -8.81625  -4.81493  10.0454
74.1  -0.929909  -0.367791  0.56991  -4.07596  -0.0148171  0.0374631  -10.8109  -4.32913  11.6454
74.2  -0.895864  -0.444329  -0.589495  -4.43258  0.77592  -1.56442  -12.2135  -2.56225  12.4794
74.3  -0.744318  -0.667825  -1.82185  -4.51996  2.44487  -2.72491  -12.0101  1.31851  12.0823
74.4  -0.397707  -0.917512  -2.864  -4.0667  4.22468  -1.83124  -8.16996  7.87564  11.3479
74.5  0.0103457  -0.999946  -3.41853  -3.05975  3.63634  0.0376224  -3.2141  11.4413  11.8842
74.6  0.312208  -0.950014  -3.57556  -1.8909  2.41429  0.793421  -0.197077  11.5837  11.5854
74.7  0.501346  -0.865247  -3.49796  -0.790607  1.41538  0.820105  1.59139  10.2514  10.3741
74.8  0.604031  -0.796961  -3.28627  0.133377  0.675836  0.512228  2.49943  8.13778  8.51296
74.9  0.642415  -0.766357  -3.02672  0.826591  0.112475  0.0942845  2.55251  5.71457  6.25873
75  0.629048  -0.777366  -2.80096  1.28056  -0.373882  -0.302547  1.85546  3.41318  3.88491
75.1  0.568112  -0.822951  -2.67228  1.52223  -0.843323  -0.582176  0.660007  1.49501  1.63422
75.2  0.461374  -0.887206  -2.6754  1.59486  -1.2809  -0.666108  -0.729392  0.030876  0.730046
75.3  0.315693  -0.948861  -2.81464  1.54132  -1.60673  -0.53457  -2.01602  -1.04908  2.27264
75.4  0.146339  -0.989235  -3.06707  1.39278  -1.74724  -0.258472  -2.96228  -1.8976  3.51795
75.5  -0.0274994  -0.999622  -3.39161  1.16434  -1.70292  0.046847  -3.44935  -2.66818  4.36087
75.6  -0.190107  -0.981763  -3.74157  0.858655  -1.53461  0.297159  -3.47717  -3.45141  4.89928
75.7  -0.33254  -0.943089  -4.07357  0.47277  -1.30885  0.461508  -3.10038  -4.27214  5.27859
75.8  -0.451425  -0.892309  -4.34982  0.00351843  -1.06856  0.540592  -2.36779  -5.11329  5.6349
75.9  -0.546376  -0.83754  -4.53596  -0.549038  -0.831335  0.542329  -1.29922  -5.92784  6.06854
76  -0.617745  -0.786378  -4.59848  -1.1785  -0.595305  0.467646  0.104306  -6.63457  6.63539
76.1  -0.664928  -0.746908  -4.5045  -1.86836  -0.343917  0.306169  1.82288  -7.11243  7.34232
76.2  -0.685086  -0.728462  -4.22628  -2.58856  -0.0496829  0.0467246  3.76653  -7.21844  8.14203
76.3  -0.672257  -0.740318  -3.74956  -3.29575  0.321801  -0.292216  5.75786  -6.83843  8.93963
76.4  -0.616999  -0.786964  -3.08023  -3.93855  0.803055  -0.629615  7.58468  -5.93004  9.62771
76.5  -0.507873  -0.861432  -2.24419  -4.46493  1.39348  -0.821554  9.06645  -4.51871  10.1301
76.6  -0.337558  -0.941305  -1.28298  -4.82797  2.00168  -0.717813  10.0686  -2.68008  10.4192
76.7  -0.113693  -0.993516  -0.249883  -4.9912  2.42556  -0.277569  10.4903  -0.552312  10.5048
76.8  0.134358  -0.990933  0.793932  -4.93618  2.4625  0.333884  10.2806  1.64093  10.4107
76.9  0.364814  -0.93108  1.78645  -4.66992  2.09031  0.819021  9.47955  3.62866  10.1503
77  0.544801  -0.838565  2.67436  -4.22456  1.49266  0.969756  8.21414  5.19709  9.72018
77.1  0.663213  -0.748431  3.41894  -3.64774  0.887843  0.786752  6.63761  6.25177  9.11825
77.2  0.725878  -0.687823  3.99601  -2.99135  0.384768  0.406057  4.88437  6.79376  8.36733
77.3  0.743584  -0.668642  4.39384  -2.30438  -0.0171795  -0.019105  3.07208  6.87475  7.52994
77.4  0.724392  -0.689389  4.61244  -1.62911  -0.360694  -0.379008  1.32017  6.57551  6.70672
77.5  0.672172  -0.740395  4.66384  -0.998512  -0.682271  -0.619404  -0.254242  5.99985  6.00523
77.6  0.588033  -0.808837  4.57049  -0.434598  -1.00087  -0.727642  -1.56354  5.25997  5.48744
77.7  0.471941  -0.88163  4.36164  0.0512317  -1.32082  -0.70704  -2.55803  4.45171  5.13432
77.8  0.324186  -0.945993  4.07057  0.455644  -1.6304  -0.558729  -3.20111  3.63957  4.84702
77.9  0.147363  -0.989082  3.73486  0.780058  -1.89354  -0.282118  -3.43994  2.8537  4.46954
78  -0.0507227  -0.998713  3.39847  1.02689  -2.04167  0.103693  -3.20297  2.08114  3.8197
78.1  -0.254184  -0.967156  3.11169  1.19407  -1.98779  0.522422  -2.44827  1.23957  2.74419
78.2  -0.439935  -0.89803  2.92357  1.26687  -1.68877  0.827308  -1.25889  0.159434  1.26895
78.3  -0.585819  -0.810442  2.86573  1.21114  -1.21  0.874633  0.0992542  -1.36072  1.36433
78.4  -0.68021  -0.733017  2.93623  0.976187  -0.67779  0.628961  1.24008  -3.42898  3.64633
78.5  -0.7218  -0.692102  3.09342  0.509618  -0.154118  0.160732  1.77352  -5.95914  6.21745
78.6  -0.709415  -0.704791  3.26112  -0.220162  0.421098  -0.423861  1.42104  -8.61634  8.73273
78.7  -0.630787  -0.775956  3.34671  -1.19967  1.20017  -0.975639  0.147732  -10.8552  10.8562
78.8  -0.456757  -0.889591  3.26405  -2.3578  2.35508  -1.20921  -1.93842  -12.09  12.2444
78.9  -0.144432  -0.989515  2.92332  -3.5564  3.94437  -0.575728  -5.12745  -11.4177  12.5162
79  0.315965  -0.948771  2.1768  -4.48957  4.86855  1.62135  -9.97544  -6.17977  11.7345
79.1  0.710933  -0.70326  1.01213  -4.6919  2.74539  2.77534  -12.5308  1.62177  12.6353
79.2  0.882291  -0.470705  -0.214964  -4.31727  0.901959  1.69064  -11.6915  5.28301  12.8297
79.3  0.925345  -0.379126  -1.28842  -3.71068  0.0545665  0.133182  -9.65721  6.58651  11.6895
79.4  0.898796  -0.438367  -2.13439  -3.04601  -0.613187  -1.25724  -7.27629  6.49321  9.75224
79.5  0.791263  -0.611476  -2.76132  -2.44973  -1.60405  -2.07567  -5.41544  5.29018  7.57053
79.6  0.569499  -0.821992  -3.25205  -2.00342  -2.83375  -1.9633  -4.56198  3.62697  5.82809
79.7  0.234588  -0.972095  -3.69563  -1.71602  -3.76751  -0.909183  -4.35495  2.1943  4.87653
79.8  -0.158637  -0.987337  -4.11902  -1.54895  -3.95555  0.635544  -4.0379  1.21625  4.21709
79.9  -0.528945  -0.848656  -4.48161  -1.46221  -3.32445  2.07205  -3.08863  0.552795  3.13771
80  -0.803606  -0.595161  -4.71464  -1.43409  -2.10861  2.84712  -1.5015  0.0168153  1.5016
80.1  -0.949801  -0.312856  -4.78207  -1.45903  -0.870957  2.64414  0.0783008  -0.52973  0.535486
80.2  -0.996075  -0.0885138  -4.72202  -1.54363  -0.158383  1.78233  0.998941  -1.1811  1.54689
80.3  -0.999241  0.0389587  -4.60232  -1.69823  0.0298275  0.765038  1.32395  -1.91907  2.33145
80.4  -0.997872  0.0652098  -4.46587  -1.92803  -0.0155297  -0.237643  1.38501  -2.67441  3.01177
80.5  -0.99996  -0.00892486  -4.3255  -2.23171  0.0111532  -1.24963  1.43966  -3.38683  3.68011
80.6  -0.982777  -0.184798  -4.17053  -2.60103  0.424012  -2.25495  1.72034  -3.96521  4.32232
80.7  -0.892542  -0.450964  -3.96396  -3.01346  1.50264  -2.97401  2.52732  -4.20219  4.90365
80.8  -0.663822  -0.747891  -3.63973  -3.42071  3.09647  -2.74841  4.07004  -3.83237  5.59037
80.9  -0.290134  -0.956986  -3.13864  -3.76519  4.19683  -1.27237  5.93175  -3.0322  6.66182
81  0.131142  -0.991364  -2.46595  -4.03358  4.01692  0.531376  7.44289  -2.39332  7.81822
81.1  0.481547  -0.87642  -1.6612  -4.25409  2.89812  1.59237  8.62652  -2.04166  8.86483
81.2  0.704588  -0.709617  -0.742409  -4.43872  1.58433  1.5731  9.74644  -1.59402  9.87593
81.3  0.807743  -0.589535  0.28293  -4.55496  0.532494  0.729588  10.7046  -0.616669  10.7224
81.4  0.817766  -0.575551  1.3783  -4.53608  -0.329086  -0.467578  11.0508  1.14302  11.1097
81.5  0.735791  -0.677209  2.44936  -4.29158  -1.35529  -1.47253  10.063  3.94089  10.8072
81.6  0.546682  -0.83734  3.31802  -3.72173  -2.34192  -1.529  6.97697  7.42463  10.1884
81.7  0.300039  -0.953927  3.81804  -2.85752  -2.43665  -0.7664  3.11483  9.49318  9.99113
81.8  0.0782265  -0.996936  3.97812  -1.88623  -1.95937  -0.153746  0.287255  9.69855  9.7028
81.9  -0.0900071  -0.995941  3.90973  -0.950231  -1.41151  0.127564  -1.51186  8.9082  9.03558
82  -0.206551  -0.978436  3.70048  -0.121034  -0.933836  0.197136  -2.56226  7.61757  8.03695
82.1  -0.279685  -0.960092  3.41795  0.565514  -0.542235  0.157959  -2.99087  6.09276  6.78727
82.2  -0.317388  -0.948296  3.12037  1.09665  -0.221959  0.074288  -2.87865  4.54047  5.3761
82.3  -0.325805  -0.945437  2.85645  1.47804  0.0462535  -0.0159393  -2.34079  3.11848  3.89925
82.4  -0.309488  -0.950903  2.66137  1.72753  0.27351  -0.0890188  -1.52825  1.90945  2.44572
82.5  -0.272521  -0.96215  2.55483  1.86735  0.458017  -0.129729  -0.593621  0.921112  1.09583
82.6  -0.219683  -0.975571  2.5424  1.91768  0.588808  -0.13259  0.335114  0.109602  0.352582
82.7  -0.156931  -0.98761  2.61846  1.89287  0.655139  -0.104101  1.16373  -0.594135  1.30662
82.8  -0.0908661  -0.995863  2.76973  1.80002  0.656  -0.0598558  1.83158  -1.26265  2.22463
82.9  -0.0275163  -0.999621  2.97832  1.6395  0.603934  -0.0166244  2.30669  -1.95598  3.02435
83  0.0289055  -0.999582  3.2242  1.40668  0.5217  0.0150863  2.5762  -2.71309  3.74135
83.1  0.0766993  -0.997054  3.4865  1.09419  0.435738  0.0335195  2.63376  -3.55038  4.42062
83.2  0.116767  -0.993159  3.74351  0.69406  0.371017  0.0436208  2.46767  -4.46321  5.09996
83.3  0.152316  -0.988332  3.97176  0.199865  0.348409  0.0536948  2.05292  -5.42542  5.80084
83.4  0.18837  -0.982098  4.14445  -0.390963  0.382995  0.07346  1.34797  -6.38447  6.52522
83.5  0.231052  -0.972941  4.22978  -1.07401  0.480887  0.1142  0.294728  -7.25104  7.25703
83.6  0.286349  -0.958125  4.18942  -1.83336  0.631254  0.188659  -1.17815  -7.88026  7.96785
83.7  0.357597  -0.933876  3.97802  -2.63463  0.787495  0.301546  -3.13211  -8.0422  8.63059
83.8  0.44039  -0.897807  3.54844  -3.41574  0.837353  0.410736  -5.51002  -7.42424  9.24552
83.9  0.516055  -0.856555  2.87509  -4.08687  0.623649  0.375734  -7.90187  -5.85028  9.83185
84  0.554498  -0.832185  1.99105  -4.56532  0.102661  0.0684048  -9.62181  -3.67367  10.2993
84.1  0.529671  -0.848203  0.984084  -4.82231  -0.625016  -0.390298  -10.3593  -1.50335  10.4678
84.2  0.425324  -0.905041  -0.0534471  -4.87628  -1.47574  -0.693525  -10.2783  0.367705  10.2849
84.3  0.234556  -0.972103  -1.05278  -4.75929  -2.3194  -0.559641  -9.63267  1.92629  9.82339
84.4  -0.0288632  -0.999583  -1.96666  -4.49886  -2.87199  0.0829293  -8.5872  3.24783  9.18087
84.5  -0.31987  -0.947461  -2.75996  -4.117  -2.83869  0.958362  -7.23723  4.34461  8.44115
84.6  -0.576653  -0.816989  -3.40906  -3.64143  -2.22412  1.56984  -5.73861  5.09424  7.67352
84.7  -0.757206  -0.653176  -3.91068  -3.11398  -1.38646  1.60728  -4.32532  5.37337  6.89794
84.8  -0.85872  -0.512445  -4.28201  -2.58153  -0.68229  1.14333  -3.14192  5.21279  6.08645
84.9  -0.901334  -0.433125  -4.54591  -2.08147  -0.201266  0.418834  -2.16044  4.75068  5.21885
85  -0.902582  -0.430518  -4.71635  -1.63683  0.172832  -0.362342  -1.24617  4.12385  4.30802
85.1  -0.864802  -0.502112  -4.79253  -1.25906  0.602971  -1.03851  -0.257102  3.42431  3.43395
85.2  -0.777221  -0.629228  -4.76411  -0.952848  1.17137  -1.44688  0.834957  2.69767  2.82393
85.3  -0.627634  -0.778509  -4.6272  -0.719831  1.82454  -1.47094  1.87491  1.9628  2.71439
85.4  -0.414002  -0.910276  -4.39868  -0.560451  2.42726  -1.10394  2.63154  1.22302  2.90186
85.5  -0.148831  -0.988863  -4.11591  -0.476749  2.83027  -0.425975  2.94154  0.435958  2.97367
85.6  0.140537  -0.990075  -3.82668  -0.478978  2.88904  0.410087  2.76866  -0.524271  2.81786
85.7  0.414435  -0.910079  -3.57306  -0.59408  2.51809  1.1467  2.28014  -1.85592  2.93998
85.8  0.632491  -0.774567  -3.36643  -0.867583  1.80512  1.47402  1.92543  -3.69804  4.16926
85.9  0.772533  -0.634974  -3.16374  -1.34615  1.00303  1.22032  2.28919  -5.89839  6.32704
86  0.836542  -0.547902  -2.87392  -2.04205  0.294847  0.450175  3.67264  -7.93798  8.74641
86.1  0.831716  -0.555201  -2.40373  -2.9072  -0.41604  -0.623248  5.81145  -9.18986  10.8732
86.2  0.740765  -0.671764  -1.70507  -3.83687  -1.5083  -1.66322  8.16192  -9.13591  12.2508
86.3  0.500852  -0.865533  -0.774206  -4.65687  -3.44903  -1.99583  10.4136  -6.65794  12.3601
86.4  0.0483942  -0.998828  0.342197  -4.98802  -5.22255  -0.253038  11.4311  0.973498  11.4725
86.5  -0.413116  -0.910678  1.39088  -4.48078  -3.62788  1.64573  9.23232  8.14408  12.311
86.6  -0.674681  -0.73811  2.18241  -3.53758  -1.73455  1.58549  6.64566  10.1382  12.1222
86.7  -0.786021  -0.618199  2.7286  -2.52802  -0.593603  0.754747  4.3183  9.79407  10.7038
86.8  -0.806959  -0.590608  3.05838  -1.61976  0.138564  -0.189322  2.37537  8.21182  8.54848
86.9  -0.760884  -0.648888  3.23068  -0.908506  0.787286  -0.92317  1.23436  5.95053  6.07721
87  -0.647718  -0.76188  3.33865  -0.431907  1.48208  -1.26  1.07842  3.61657  3.77393
87.1  -0.466027  -0.88477  3.4699  -0.171705  2.12734  -1.12052  1.62104  1.67412  2.33034
87.2  -0.230641  -0.973039  3.66822  -0.0792549  2.52617  -0.598782  2.33022  0.255985  2.34424
87.3  0.0274153  -0.999624  3.92662  -0.107307  2.57764  0.0706935  2.7698  -0.768982  2.87457
87.4  0.274876  -0.96148  4.20677  -0.226499  2.3306  0.66629  2.75346  -1.59587  3.1825
87.5  0.487315  -0.873226  4.46205  -0.424359  1.89622  1.05821  2.28191  -2.3571  3.2807
87.6  0.651368  -0.758762  4.6509  -0.69749  1.37867  1.18354  1.44436  -3.10421  3.42379
87.7  0.763105  -0.646274  4.74322  -1.0446  0.862456  1.01837  0.376945  -3.83293  3.85143
87.8  0.825823  -0.56393  4.7236  -1.46247  0.403652  0.59111  -0.77305  -4.51331  4.57904
87.9  0.84564  -0.533753  4.5887  -1.94425  -0.00326861  -0.00517856  -1.92407  -5.10244  5.45316
88  0.82429  -0.566168  4.33801  -2.47765  -0.437033  -0.636281  -3.09966  -5.53078  6.34014
88.1  0.754044  -0.656824  3.96549  -3.04149  -0.993249  -1.14027  -4.37228  -5.69083  7.17652
88.2  0.621165  -0.783679  3.4591  -3.60257  -1.67703  -1.32926  -5.77493  -5.45485  7.94388
88.3  0.42012  -0.907469  2.80844  -4.11619  -2.3123  -1.0705  -7.2349  -4.73449  8.64634
88.4  0.170321  -0.985389  2.01606  -4.53408  -2.60628  -0.450485  -8.57491  -3.55489  9.28258
88.5  -0.0839395  -0.996471  1.10387  -4.81604  -2.39826  0.202021  -9.60383  -2.03877  9.81784
88.6  -0.296225  -0.955118  0.110283  -4.93441  -1.80473  0.559729  -10.1837  -0.296235  10.188
88.7  -0.440511  -0.897747  -0.913868  -4.86964  -1.07935  0.529619  -10.1932  1.61578  10.3205
88.8  -0.514258  -0.857636  -1.90471  -4.60819  -0.416436  0.249705  -9.49551  3.61562  10.1606
88.9  -0.529133  -0.848539  -2.78679  -4.15051  0.0879363  -0.0548354  -8.02145  5.4898  9.72016
89  -0.503639  -0.863914  -3.48883  -3.52636  0.38761  -0.225966  -5.95339  6.8837  9.101
89.1  -0.458068  -0.888917  -3.97269  -2.79874  0.498616  -0.256942  -3.73903  7.54157  8.41758
89.2  -0.407489  -0.91321  -4.2452  -2.04103  0.503093  -0.224488  -1.7715  7.51544  7.7214
89.3  -0.35819  -0.933649  -4.34035  -1.31101  0.483893  -0.185643  -0.199584  7.02685  7.02968
89.4  -0.309894  -0.950771  -4.29812  -0.644135  0.487906  -0.159028  0.983076  6.28135  6.35782
89.5  -0.259251  -0.96581  -4.15501  -0.058587  0.531844  -0.142762  1.82692  5.41848  5.71818
89.6  -0.202213  -0.979342  -3.94248  0.438551  0.614609  -0.126904  2.37773  4.52403  5.11082
89.7  -0.135427  -0.990787  -3.68831  0.846871  0.72402  -0.0989635  2.66218  3.64824  4.51629
89.8  -0.0572156  -0.998362  -3.41869  1.1697  0.838856  -0.0480744  2.68661  2.81677  3.89257
89.9  0.0315488  -0.999502  -3.1599  1.41186  0.929648  0.0293439  2.44395  2.03353  3.17933
90  0.126777  -0.991931  -2.93901  1.5773  0.962677  0.123038  1.92913  1.27628  2.3131
90.1  0.221203  -0.975228  -2.7826  1.66621  0.910335  0.206484  1.16071  0.491204  1.26037
90.2  0.305658  -0.952141  -2.71335  1.6719  0.763786  0.245192  0.200477  -0.402904  0.450025
90.3  0.371221  -0.928544  -2.74521  1.57902  0.535955  0.214269  -0.838467  -1.49388  1.7131
90.4  0.410862  -0.911697  -2.87841  1.36442  0.248563  0.112016  -1.79637  -2.84317  3.36312
90.5  0.419342  -0.907828  -3.09543  1.00172  -0.0870725  -0.0402204  -2.48192  -4.44825  5.0938
90.6  0.391524  -0.920168  -3.35934  0.469445  -0.480801  -0.204577  -2.70536  -6.20915  6.77293
90.7  0.32034  -0.947303  -3.61639  -0.23866  -0.959491  -0.324462  -2.32761  -7.92478  8.25953
90.8  0.195853  -0.980633  -3.8022  -1.10535  -1.55  -0.309568  -1.26846  -9.33481  9.4206
90.9  0.0066498  -0.999978  -3.84335  -2.08511  -2.2463  -0.0149378  0.601993  -10.1206  10.1385
91  -0.252126  -0.967694  -3.6432  -3.08916  -2.88094  0.750609  3.6342  -9.66357  10.3243
91.1  -0.544063  -0.839044  -3.07426  -3.93712  -2.74125  1.77751  7.81767  -6.84596  10.3915
91.2  -0.758789  -0.651336  -2.12511  -4.41075  -1.47987  1.72401  10.7262  -2.71219  11.0638
91.3  -0.847453  -0.53087  -1.01066  -4.52754  -0.37197  0.593793  11.2567  0.118924  11.2573
91.4  -0.843186  -0.537623  0.0852438  -4.42838  0.451745  -0.708499  10.526  1.69547  10.6617
91.5  -0.750659  -0.660689  1.07793  -4.21825  1.45624  -1.65455  9.29488  2.37452  9.59339
91.6  -0.541081  -0.84097  1.94445  -3.975  2.76715  -1.78039  8.06331  2.41989  8.4186
91.7  -0.200781  -0.979636  2.69464  -3.73944  3.96199  -0.812029  6.94023  2.31256  7.31538
91.8  0.223348  -0.974739  3.32406  -3.50171  4.32482  0.990975  5.56757  2.51589  6.10963
91.9  0.619864  -0.78471  3.79029  -3.22364  3.39801  2.68418  3.69403  3.06899  4.80256
92  0.877306  -0.479931  4.0668  -2.89388  1.73645  3.1742  1.93645  3.43845  3.94624
92.1  0.982192  -0.187881  4.2061  -2.55567  0.487184  2.54687  0.993978  3.2369  3.38608
92.2  0.999841  0.0178171  4.28844  -2.25927  -0.0276285  1.55043  0.735042  2.65188  2.75187
92.3  0.992456  0.122603  4.3638  -2.03008  -0.0684775  0.554315  0.803045  1.91921  2.08045
92.4  0.991518  0.129972  4.45168  -1.87683  0.0532459  -0.406196  0.951881  1.14325  1.48765
92.5  0.99919  0.0402371  4.55014  -1.80116  0.0562953  -1.39796  0.976354  0.37629  1.04636
92.6  0.988611  -0.150491  4.63324  -1.79873  -0.365868  -2.40347  0.583227  -0.30481  0.658076
92.7  0.902944  -0.429759  4.6403  -1.8553  -1.46123  -3.07011  -0.590422  -0.787109  0.98394
92.8  0.682843  -0.730565  4.49247  -1.94987  -2.93826  -2.74632  -2.40707  -1.08669  2.641
92.9  0.331153  -0.943577  4.16783  -2.07489  -3.96143  -1.39028  -3.97697  -1.44299  4.23067
93  -0.0780919  -0.996946  3.72111  -2.24838  -4.05977  0.318006  -4.85267  -2.08913  5.28326
93.1  -0.450864  -0.892593  3.20905  -2.5066  -3.27243  1.65296  -5.38628  -3.1404  6.23491
93.2  -0.7168  -0.697279  2.63229  -2.88442  -2.02056  2.07713  -6.25928  -4.41347  7.6588
93.3  -0.859329  -0.511423  1.93141  -3.37704  -0.887796  1.49174  -7.88076  -5.31849  9.50751
93.4  -0.906733  -0.421705  1.04159  -3.91513  -0.105513  0.226869  -9.92763  -5.25104  11.2308
93.5  -0.880353  -0.47432  -0.0428084  -4.38565  0.692046  -1.28446  -11.6431  -3.92583  12.2872
93.6  -0.743002  -0.669289  -1.24947  -4.6371  2.23189  -2.4777  -12.183  -0.637732  12.1997
93.7  -0.413666  -0.910429  -2.37692  -4.39548  4.1907  -1.9041  -9.6642  5.90086  11.3233
93.8  0.00495572  -0.999988  -3.0998  -3.52199  3.79888  0.0188264  -4.89929  10.7268  11.7927
93.9  0.318405  -0.947955  -3.41402  -2.38637  2.47387  0.830937  -1.65271  11.5386  11.6564
94  0.508812  -0.860877  -3.46994  -1.27258  1.38876  0.820812  0.383581  10.5351  10.5421
94.1  0.606181  -0.795326  -3.36427  -0.310048  0.600805  0.457921  1.59648  8.60436  8.75121
94.2  0.635542  -0.772067  -3.17829  0.434024  0.00926689  0.00762822  1.98259  6.24758  6.55461
94.3  0.610958  -0.791663  -2.9943  0.941006  -0.492975  -0.380449  1.57949  3.93184  4.23724
94.4  0.538004  -0.842942  -2.88134  1.23265  -0.960767  -0.613205  0.610892  1.97596  2.06823
94.5  0.420761  -0.907171  -2.88018  1.35198  -1.36837  -0.634672  -0.600528  0.48725  0.773334
94.6  0.269005  -0.963139  -2.99881  1.34367  -1.63757  -0.457374  -1.73699  -0.598221  1.83712
94.7  0.0998067  -0.995007  -3.21713  1.2406  -1.71373  -0.1719  -2.56587  -1.4362  2.94047
94.8  -0.0678122  -0.997698  -3.49825  1.05951  -1.61417  0.109713  -2.98727  -2.17997  3.69812
94.9  -0.219308  -0.975656  -3.80131  0.804595  -1.40298  0.315361  -3.0122  -2.92251  4.19695
95  -0.346837  -0.937925  -4.08939  0.473928  -1.1438  0.422969  -2.69786  -3.69654  4.57634
95.1  -0.447879  -0.894094  -4.33134  0.0643919  -0.878179  0.439907  -2.09661  -4.49677  4.96152
95.2  -0.522932  -0.852374  -4.50007  -0.425335  -0.625842  0.383955  -1.23545  -5.29354  5.4358
95.3  -0.573632  -0.819113  -4.56987  -0.992446  -0.390751  0.273646  -0.117201  -6.03314  6.03428
95.4  -0.60142  -0.798933  -4.51471  -1.62728  -0.165612  0.124669  1.26439  -6.63098  6.75045
95.5  -0.606551  -0.795044  -4.30857  -2.31  0.0656287  -0.0500691  2.89683  -6.96855  7.54668
95.6  -0.587343  -0.809338  -3.92909  -3.00769  0.325043  -0.235886  4.71404  -6.90766  8.36289
95.7  -0.539861  -0.841754  -3.36426  -3.6742  0.633893  -0.406549  6.57362  -6.3294  9.12545
95.8  -0.458656  -0.888614  -2.61979  -4.25454  0.998157  -0.515196  8.26977  -5.18402  9.76028
95.9  -0.339297  -0.940679  -1.72317  -4.69366  1.38816  -0.500702  9.58175  -3.52201  10.2085
96  -0.182704  -0.983168  -0.722345  -4.9466  1.72656  -0.32085  10.3298  -1.49223  10.4371
96.1  0.000756456  -1  0.3206  -4.98719  1.90885  0.00144396  10.4159  0.68386  10.4383
96.2  0.191291  -0.981533  1.3388  -4.8134  1.86223  0.362929  9.84466  2.75339  10.2225
96.3  0.365834  -0.93068  2.27107  -4.44779  1.5988  0.628461  8.72186  4.48705  9.80838
96.4  0.506712  -0.862115  3.07059  -3.93238  1.20678  0.709293  7.22212  5.73252  9.22067
96.5  0.606318  -0.795222  3.70935  -3.31934  0.787749  0.60062  5.5372  6.43937  8.49271
96.6  0.665447  -0.746445  4.17738  -2.66121  0.402807  0.359098  3.83094  6.64673  7.67171
96.7  0.688423  -0.725309  4.47871  -2.00349  0.0632481  0.0600316  2.21803  6.44977  6.8205
96.8  0.679018  -0.734122  4.62639  -1.38087  -0.248953  -0.230266  0.765959  5.96418  6.01317
96.9  0.638749  -0.769415  4.63847  -0.816607  -0.557545  -0.462859  -0.489559  5.29928  5.32185
97  0.567106  -0.823645  4.53578  -0.324019  -0.877912  -0.604471  -1.52599  4.54338  4.7928
97.1  0.462716  -0.886506  4.3414  0.0911584  -1.21129  -0.63224  -2.31829  3.75954  4.41686
97.2  0.324946  -0.945732  4.08156  0.428253  -1.54089  -0.529436  -2.82666  2.98601  4.11172
97.3  0.155997  -0.987758  3.78755  0.689097  -1.82557  -0.288314  -2.99006  2.23362  3.73223
97.4  -0.0363535  -0.999339  3.49746  0.874736  -1.99504  0.0725745  -2.73731  1.47223  3.10811
97.5  -0.236306  -0.971679  3.2552  0.980094  -1.96493  0.477859  -2.03613  0.605223  2.12417
97.6  -0.421105  -0.907012  3.10233  0.986512  -1.69241  0.785748  -0.980152  -0.539609  1.11887
97.7  -0.568423  -0.822736  3.062  0.856564  -1.2325  0.851527  0.154614  -2.14723  2.15279
97.8  -0.665201  -0.746664  3.12251  0.539118  -0.699137  0.622859  0.966429  -4.28364  4.3913
97.9  -0.707867  -0.706346  3.23152  -0.0126346  -0.150265  0.150588  1.07081  -6.78357  6.86757
98  -0.692751  -0.721177  3.30613  -0.815801  0.476653  -0.457865  0.269216  -9.22428  9.22821
98.1  -0.604609  -0.796523  3.25779  -1.83665  1.34152  -1.01829  -1.35811  -11.043  11.1262
98.2  -0.410314  -0.911944  3.01099  -2.9843  2.62619  -1.18161  -3.71101  -11.6439  12.2209
98.3  -0.0648033  -0.997898  2.47854  -4.08519  4.29107  -0.278661  -7.18408  -9.732  12.0964
98.4  0.401923  -0.915674  1.54241  -4.74964  4.49324  1.97225  -11.3346  -2.73604  11.6601
98.5  0.738522  -0.674229  0.341737  -4.6545  2.18853  2.39722  -12.0415  3.81578  12.6316
98.6  0.872674  -0.488304  -0.797361  -4.123  0.676481  1.20898  -10.553  6.3686  12.3258
98.7  0.89803  -0.439934  -1.74542  -3.44196  -0.113548  -0.231784  -8.34496  7.01643  10.9027
98.8  0.850586  -0.525835  -2.46594  -2.76206  -0.871845  -1.41029  -6.13449  6.3947  8.86138
98.9  0.71379  -0.700359  -2.99757  -2.19228  -1.90798  -1.94457  -4.66384  4.91097  6.77266
99  0.46664  -0.884447  -3.43057  -1.78543  -3.00611  -1.58604  -4.12507  3.25401  5.25402
99.1  0.127008  -0.991902  -3.83672  -1.52938  -3.68122  -0.471363  -4.00849  1.94212  4.45419
99.2  -0.245407  -0.96942  -4.22396  -1.38305  -3.64277  0.922161  -3.65497  1.0395  3.79992
99.3  -0.578815  -0.815459  -4.54766  -1.31375  -2.92882  2.07889  -2.71404  0.368194  2.7389
99.4  -0.817536  -0.575878  -4.75011  -1.30722  -1.81496  2.57658  -1.29152  -0.238044  1.31327
99.5  -0.944562  -0.328332  -4.80858  -1.36243  -0.782376  2.25078  0.0552343  -0.879044  0.880778
99.6  -0.989682  -0.14328  -4.75763  -1.48589  -0.202765  1.40056  0.867668  -1.60354  1.82324
99.7  -0.99861  -0.052713  -4.65036  -1.68512  -0.0213341  0.404159  1.22558  -2.38522  2.68166
99.8  -0.99803  -0.0627391  -4.51798  -1.96273  0.0380406  -0.605135  1.41714  -3.16006  3.46327
99.9  -0.984827  -0.17354  -4.36374  -2.31432  0.282687  -1.60423  1.70481  -3.84885  4.20951
100  -0.925437  -0.378902  -4.16513  -2.72505  1.00338  -2.45066  2.35091  -4.31142  4.91071
